mass, radius, density
2.8164057406162e+30 2.2092704525292e+11 3.1021467344996e-01
5.5712458998636e+30 2.3487996191255e+11 3.0317464563716e-01
8.2799076525927e+30 2.4727356616497e+11 3.0166852764305e-01
1.0971723570072e+31 2.5841581806583e+11 3.0254901794344e-01
1.3839696558515e+31 2.6887651083387e+11 3.0584674031952e-01
1.6505365719482e+31 2.7845976187888e+11 3.0923576345955e-01
1.9198184998384e+31 2.8712326208799e+11 3.0646447944008e-01
2.1886914313056e+31 2.9545066111785e+11 2.9985930313210e-01
2.4542355266845e+31 3.0341109572128e+11 2.9627892332038e-01
2.7189323862576e+31 3.1096225506346e+11 2.9614750681808e-01
3.0082219374512e+31 3.1852071588062e+11 2.9232681670625e-01
3.2741243416781e+31 3.2587834981415e+11 2.8653505388967e-01
3.5352377415082e+31 3.3262050978183e+11 2.8756993857313e-01
3.7947041903321e+31 3.3893427717207e+11 2.9480073607918e-01
4.0542606076345e+31 3.4484794719069e+11 3.0308124644314e-01
4.3358862234586e+31 3.5066459768887e+11 3.0875565366443e-01
4.6011035524333e+31 3.5631975233638e+11 3.0739823221913e-01
4.8718772533020e+31 3.6180969517072e+11 2.9538760807127e-01
5.1683541062106e+31 3.6797616239073e+11 2.5771671200165e-01
5.4783780271698e+31 3.7548956973738e+11 2.1167354538491e-01
5.7419650863596e+31 3.8329474939031e+11 1.9439835088813e-01
6.0057938849013e+31 3.9051399026387e+11 1.9405140729237e-01
6.2835550582096e+31 3.9759608026762e+11 1.9776745718293e-01
6.5404656327086e+31 4.0416386889043e+11 2.0633232390367e-01
6.8001650868930e+31 4.1008258293919e+11 2.1291502157415e-01
7.0826974502384e+31 4.1598958696824e+11 2.1502261603128e-01
7.3450270646758e+31 4.2174350164587e+11 2.1473439526602e-01
7.6033768373196e+31 4.2707006292323e+11 2.1728485623054e-01
7.8867976972176e+31 4.3241673916277e+11 2.1907515928060e-01
8.1648427769599e+31 4.3796866555464e+11 2.0605060918509e-01
8.4509134678813e+31 4.4398909090903e+11 1.7924163253552e-01
8.7510495055930e+31 4.5098381748316e+11 1.5560368884037e-01
9.0164837130893e+31 4.5822068149214e+11 1.4522507242604e-01
9.2765921435120e+31 4.6498868347899e+11 1.4485022251986e-01
9.5542071513379e+31 4.7163362584881e+11 1.4865512360290e-01
9.8121566228368e+31 4.7790129725384e+11 1.5351788402748e-01
1.0090899959921e+32 4.8383447216793e+11 1.5760920417082e-01
1.0347710484572e+32 4.8946814323003e+11 1.6230916455134e-01
1.0624755125098e+32 4.9477779431178e+11 1.6789410262023e-01
1.0882134437103e+32 4.9982833988818e+11 1.7306005478089e-01
1.1136172868589e+32 5.0439975768935e+11 1.8035520756897e-01
1.1408958001817e+32 5.0879936599090e+11 1.9085175110174e-01
1.1672753724025e+32 5.1304944644325e+11 1.9420350230036e-01
1.1979577934882e+32 5.1767460284825e+11 1.7712663300272e-01
1.2260933844995e+32 5.2294773260640e+11 1.5154059697380e-01
1.2546693602467e+32 5.2858313359475e+11 1.3869138493858e-01
1.2809847001327e+32 5.3422168274385e+11 1.3565936653379e-01
1.3086461283760e+32 5.3968442812140e+11 1.3699482556628e-01
1.3365615919014e+32 5.4510591586190e+11 1.4036009352671e-01
1.3622465317007e+32 5.5012072910679e+11 1.4359700815967e-01
1.3897096335624e+32 5.5485146327679e+11 1.4919205348029e-01
1.4161040483902e+32 5.5945714116052e+11 1.5069304340685e-01
1.4438149752867e+32 5.6398263762172e+11 1.5078519096603e-01
1.4695451673974e+32 5.6833101427754e+11 1.5465143131760e-01
1.4986524339008e+32 5.7271603287093e+11 1.5117996188412e-01
1.5268398016717e+32 5.7736836903168e+11 1.4521698986918e-01
1.5524263614599e+32 5.8172855372307e+11 1.4722438881762e-01
1.5802081919703e+32 5.8590039009790e+11 1.5128898275202e-01
1.6060816296192e+32 5.8995382788434e+11 1.5365599914532e-01
1.6345868795769e+32 5.9399208927635e+11 1.5211265526420e-01
1.6627475803332e+32 5.9820630050543e+11 1.4903471160983e-01
1.6887681526170e+32 6.0223051120371e+11 1.4842539369473e-01
1.7169554168121e+32 6.0622067148629e+11 1.4765014556096e-01
1.7447376760017e+32 6.1029042332769e+11 1.4818376579522e-01
1.7704308953703e+32 6.1408433052083e+11 1.5136183024570e-01
1.7984671840755e+32 6.1778416043651e+11 1.5312544032033e-01
1.8261876581843e+32 6.2153901216789e+11 1.5465954805326e-01
1.8536770746656e+32 6.2514239467424e+11 1.5926315263075e-01
1.8798702608693e+32 6.2853817437543e+11 1.6100852237639e-01
1.9080746345776e+32 6.3194794658373e+11 1.5864164713341e-01
1.9361017295005e+32 6.3547416594540e+11 1.5735758457937e-01
1.9640884208643e+32 6.3896332537278e+11 1.5727002736951e-01
1.9900647393791e+32 6.4228941290137e+11 1.5739022738899e-01
2.0179554855067e+32 6.4556634451143e+11 1.5802006487431e-01
2.0459122621857e+32 6.4891516749161e+11 1.5877751503333e-01
2.0738188976524e+32 6.5221623663448e+11 1.5942021498315e-01
2.0998143458087e+32 6.5536099341873e+11 1.5975831556483e-01
2.1277649805057e+32 6.5847328321408e+11 1.5982058133390e-01
2.1557028901945e+32 6.6166268341443e+11 1.6024389366267e-01
2.1837741925318e+32 6.6482698002489e+11 1.5995935076433e-01
2.2117421705747e+32 6.6797060596501e+11 1.5948141288482e-01
2.2399267149250e+32 6.7110673572646e+11 1.5836451004744e-01
2.2679476032284e+32 6.7424164993038e+11 1.5694669369111e-01
2.2940116142490e+32 6.7725255288920e+11 1.5611725274852e-01
2.3218663566911e+32 6.8023425747693e+11 1.5619794732886e-01
2.3497265043709e+32 6.8327550689598e+11 1.5747227431438e-01
2.3775860770259e+32 6.8626641391671e+11 1.5870085601882e-01
2.4056425511435e+32 6.8922936250953e+11 1.5879851347969e-01
2.4336332217904e+32 6.9217914260947e+11 1.5813935626019e-01
2.4616132412819e+32 6.9510828421484e+11 1.5790047447299e-01
2.4897157303891e+32 6.9802894230578e+11 1.5702737370856e-01
2.5178533406507e+32 7.0095776236147e+11 1.5528212049773e-01
2.5459421733334e+32 7.0389340051654e+11 1.5362996721034e-01
2.5740060837066e+32 7.0682831279585e+11 1.5238883587104e-01
2.6021321954023e+32 7.0976659672334e+11 1.5095186206026e-01
2.6302457530038e+32 7.1271356746678e+11 1.4926359791265e-01
2.6582103104611e+32 7.1565250825085e+11 1.4843614855933e-01
2.6861656080199e+32 7.1856742189876e+11 1.4843227344375e-01
2.7142040708825e+32 7.2146663348400e+11 1.4802745910942e-01
2.7422224643381e+32 7.2435712888121e+11 1.4728318184900e-01
2.7701454264173e+32 7.2722753929391e+11 1.4713231915718e-01
2.7982143590550e+32 7.3008353348422e+11 1.4670944272516e-01
2.8262997790666e+32 7.3294195220613e+11 1.4544277740784e-01
2.8541752756242e+32 7.3578342577744e+11 1.4517223749537e-01
2.8822122082969e+32 7.3860356548166e+11 1.4513928441052e-01
2.9121771207476e+32 7.4151143566063e+11 1.4465913874337e-01
2.9402193760192e+32 7.4440725161038e+11 1.4414538314767e-01
2.9683918891988e+32 7.4721246184302e+11 1.4255553655422e-01
2.9964268530084e+32 7.5002701305324e+11 1.4101348622147e-01
3.0245476240130e+32 7.5284585197450e+11 1.3974672054248e-01
3.0527165605826e+32 7.5568241139134e+11 1.3783756972369e-01
3.0828226357899e+32 7.5863569492003e+11 1.3609268071614e-01
3.1107607370456e+32 7.6157983577975e+11 1.3546881140001e-01
3.1385562944338e+32 7.6438365074316e+11 1.3626880367934e-01
3.1665050751246e+32 7.6715190916663e+11 1.3700228382139e-01
3.1945928369675e+32 7.6991431129337e+11 1.3630477775136e-01
3.2245900186236e+32 7.7277359332139e+11 1.3540079673361e-01
3.2527128774222e+32 7.7563422163335e+11 1.3433889618502e-01
3.2808061185905e+32 7.7840793986765e+11 1.3279660219175e-01
3.3107082732371e+32 7.8127042753339e+11 1.3230227284293e-01
3.3388210249696e+32 7.8412491839130e+11 1.3171635900111e-01
3.3669538363671e+32 7.8689607860725e+11 1.3005646391401e-01
3.3947246347112e+32 7.8964927778084e+11 1.2999043550262e-01
3.4249805091844e+32 7.9249298636598e+11 1.2947188381058e-01
3.4531423307845e+32 7.9536638379916e+11 1.2716309385362e-01
3.4830360962977e+32 7.9823614049848e+11 1.2639904265692e-01
3.5110094833009e+32 8.0108430629372e+11 1.2647594577925e-01
3.5391597362715e+32 8.0383789999421e+11 1.2540433558030e-01
3.5692926074478e+32 8.0670943260807e+11 1.2370698745884e-01
3.5973811515173e+32 8.0959289965675e+11 1.2230084921757e-01
3.6275653593668e+32 8.1249423626196e+11 1.2071108064938e-01
3.6555811476762e+32 8.1540499951415e+11 1.1944369050397e-01
3.6836406742545e+32 8.1821436369218e+11 1.1863220125539e-01
3.7138574301905e+32 8.2114295744638e+11 1.1708738547687e-01
3.7419693162502e+32 8.2409373396866e+11 1.1534358825554e-01
3.7718071661510e+32 8.2703022277812e+11 1.1505843229902e-01
3.7998119226234e+32 8.2994299117127e+11 1.1520386422437e-01
3.8299478717367e+32 8.3286070448408e+11 1.1421222290868e-01
3.8580862472227e+32 8.3579640563237e+11 1.1269425669771e-01
3.8881719463382e+32 8.3874636435778e+11 1.1137796588994e-01
3.9178770642269e+32 8.4176691042754e+11 1.1174132372640e-01
3.9400074222263e+32 8.4407095782053e+11 1.5234287393301e-01
3.9662830837944e+32 8.4553915006968e+11 2.2260552546776e-01
3.9914535689512e+32 8.4668854031451e+11 2.8367523119385e-01
4.0195560757784e+32 8.4764520441371e+11 3.3525912499099e-01
4.0499980760725e+32 8.4859033156137e+11 3.4974322265899e-01
4.0788816257011e+32 8.4955145250359e+11 3.3160666516834e-01
4.1092496144801e+32 8.5056199259071e+11 3.1491757952850e-01
4.1393748860752e+32 8.5163030680721e+11 3.0721332558277e-01
4.1673897895946e+32 8.5267398077675e+11 3.0316352624074e-01
4.1974751237850e+32 8.5372794657257e+11 2.9956909809623e-01
4.2277186284848e+32 8.5483657570614e+11 2.9386258188975e-01
4.2557608871528e+32 8.5592465914584e+11 2.8860980337285e-01
4.2853700426261e+32 8.5700638363366e+11 2.8952938393235e-01
4.3154274739088e+32 8.5811976524532e+11 2.9035101422043e-01
4.3455649464519e+32 8.5924684278915e+11 2.8608825743098e-01
4.3754923846573e+32 8.6038279955671e+11 2.8308288736151e-01
4.4034652118872e+32 8.6148349982697e+11 2.8165411521288e-01
4.4335156048747e+32 8.6259170659158e+11 2.7910500221752e-01
4.4633759724786e+32 8.6374113560743e+11 2.7759851118402e-01
4.4935067767349e+32 8.6489679157502e+11 2.7538375188802e-01
4.5238364777050e+32 8.6607679549970e+11 2.6902508462852e-01
4.5537307172741e+32 8.6727190540329e+11 2.6485257162591e-01
4.5833400273665e+32 8.6845381173355e+11 2.6709655362825e-01
4.6112678573678e+32 8.6958485849423e+11 2.6903269466339e-01
4.6411583899619e+32 8.7071544610272e+11 2.6844523921432e-01
4.6707529417078e+32 8.7187169154970e+11 2.7087116490946e-01
4.7006030178073e+32 8.7301305788208e+11 2.7364008375876e-01
4.7307688877005e+32 8.7416163626812e+11 2.7123505618057e-01
4.7603391247651e+32 8.7530654552351e+11 2.7140469662523e-01
4.7900128032620e+32 8.7642917128273e+11 2.7605329785644e-01
4.8200557355408e+32 8.7754769833735e+11 2.7633835993482e-01
4.8493776178625e+32 8.7864908921841e+11 2.8002181381730e-01
4.8802607149444e+32 8.7976345534117e+11 2.7625593130707e-01
4.9096719639890e+32 8.8089364342028e+11 2.7148634078707e-01
4.9395088426323e+32 8.8200190761120e+11 2.7607623422225e-01
4.9694267930556e+32 8.8310774417258e+11 2.7598663042789e-01
5.0011097114128e+32 8.8424251688288e+11 2.7716470544654e-01
5.0312125120653e+32 8.8537653672354e+11 2.7664706795188e-01
5.0612634632333e+32 8.8648637312613e+11 2.7290449385769e-01
5.0907002997964e+32 8.8758382387819e+11 2.7535788408193e-01
5.1207591714844e+32 8.8866911775075e+11 2.7769221941564e-01
5.1505677759900e+32 8.8975624746905e+11 2.7653526144941e-01
5.1827189334660e+32 8.9088480218439e+11 2.7468148764412e-01
5.2130723421830e+32 8.9203790548580e+11 2.6800672702021e-01
5.2424458615260e+32 8.9315024013334e+11 2.6832170490427e-01
5.2727649966210e+32 8.9425726651199e+11 2.6889747087277e-01
5.3049199884571e+32 8.9542597153539e+11 2.6257805687285e-01
5.3351199202697e+32 8.9661424073189e+11 2.5745555526797e-01
5.3650846558089e+32 8.9777737622174e+11 2.5391383350831e-01
5.3949924674820e+32 8.9894234706151e+11 2.5284697150420e-01
5.4268778762974e+32 9.0014506400862e+11 2.5241501238432e-01
5.4564413056968e+32 9.0133329752932e+11 2.5495149142426e-01
5.4878647970516e+32 9.0248869706603e+11 2.6129889337843e-01
5.5176546617038e+32 9.0362252993102e+11 2.6569391360801e-01
5.5472546062657e+32 9.0470405692804e+11 2.6887006541761e-01
5.5790946310869e+32 9.0580786729534e+11 2.7153578671283e-01
5.6090585827772e+32 9.0691158167358e+11 2.7090169682558e-01
5.6408186114888e+32 9.0801237934223e+11 2.7092966888460e-01
5.6706796223535e+32 9.0910685212023e+11 2.7188254926103e-01
5.7025829643123e+32 9.1019968852778e+11 2.7163146242353e-01
5.7324092881810e+32 9.1128974112358e+11 2.7169772114885e-01
5.7642104698932e+32 9.1237330827527e+11 2.7260732887830e-01
5.7941136954576e+32 9.1345356795899e+11 2.7282484683549e-01
5.8260615867838e+32 9.1453543111646e+11 2.7178997729326e-01
5.8578901946796e+32 9.1565127769084e+11 2.7135546369903e-01
5.8875748046885e+32 9.1672209677424e+11 2.7334209849467e-01
5.9192588207572e+32 9.1777741556924e+11 2.7657410067344e-01
5.9490291190282e+32 9.1882136330962e+11 2.7905120889786e-01
5.9809594932072e+32 9.1986160607196e+11 2.7937573572416e-01
6.0129238101731e+32 9.2093871404579e+11 2.7786754925278e-01
6.0446407015716e+32 9.2201192040782e+11 2.7823484347046e-01
6.0741177697365e+32 9.2303147802594e+11 2.8324247065454e-01
6.1056451006642e+32 9.2402406371940e+11 2.9003060931378e-01
6.1375650477615e+32 9.2503801719076e+11 2.9252581541514e-01
6.1696980710326e+32 9.2606039244507e+11 2.8949114552951e-01
6.1998062901660e+32 9.2706490851853e+11 2.8473965920990e-01
6.2311995037986e+32 9.2806024790819e+11 2.8671757044294e-01
6.2632673780227e+32 9.2907741137863e+11 2.8907266503741e-01
6.2956257436949e+32 9.3011496109099e+11 2.8282899330396e-01
6.3277393353095e+32 9.3117450245585e+11 2.7629955717421e-01
6.3597118304830e+32 9.3224371107852e+11 2.7316296056197e-01
6.3895719402990e+32 9.3328054212302e+11 2.7228222505875e-01
6.4213223533973e+32 9.3431105067328e+11 2.7329090300069e-01
6.4531335715805e+32 9.3536735272725e+11 2.7464015947889e-01
6.4847894305748e+32 9.3641297055183e+11 2.7684080129741e-01
6.5165159681871e+32 9.3744521577895e+11 2.7979931620036e-01
6.5481320164278e+32 9.3846307554928e+11 2.8313594462190e-01
6.5796466057001e+32 9.3946012602270e+11 2.8843028292969e-01
6.6116517268059e+32 9.4044878849775e+11 2.9023701521062e-01
6.6440219821407e+32 9.4145580459625e+11 2.8440966662021e-01
6.6760698838071e+32 9.4248261213129e+11 2.7827035895683e-01
6.7079153760057e+32 9.4351279262392e+11 2.7675333825354e-01
6.7395975093908e+32 9.4453461727680e+11 2.7840992690856e-01
6.7713770968237e+32 9.4554608619552e+11 2.8064499124774e-01
6.8052980324161e+32 9.4658652294362e+11 2.8076733192626e-01
6.8371052327370e+32 9.4762519087246e+11 2.8064267818502e-01
6.8687590302333e+32 9.4862207606126e+11 2.8291253190807e-01
6.9003017602056e+32 9.4960074032247e+11 2.8758714206628e-01
6.9319749109661e+32 9.5056213593382e+11 2.9212844876864e-01
6.9636826969664e+32 9.5151163470780e+11 2.9518846882813e-01
6.9971498819730e+32 9.5247302761013e+11 2.9996504953591e-01
7.0287235194253e+32 9.5341387306600e+11 3.0609108444549e-01
7.0604300163470e+32 9.5431185455895e+11 3.1026854888789e-01
7.0920786700824e+32 9.5519823686427e+11 3.1373274785702e-01
7.1257677629875e+32 9.5610038312848e+11 3.1723625606757e-01
7.1575225470703e+32 9.5699413920963e+11 3.1970192082899e-01
7.1890973035069e+32 9.5784893016078e+11 3.2351336603580e-01
7.2228413069901e+32 9.5871846696245e+11 3.2732296865188e-01
7.2547534038663e+32 9.5958554495127e+11 3.2769094177300e-01
7.2865960034726e+32 9.6042617813039e+11 3.2716872328102e-01
7.3200771319939e+32 9.6128175595175e+11 3.3084084461831e-01
7.3516413873806e+32 9.6211950412896e+11 3.3750172011369e-01
7.3835538686264e+32 9.6292438190353e+11 3.3990580299647e-01
7.4173139129109e+32 9.6375252928893e+11 3.4007278931393e-01
7.4489586110428e+32 9.6457218830278e+11 3.4313248662743e-01
7.4827342626318e+32 9.6538329290879e+11 3.4604231464523e-01
7.5144369515323e+32 9.6618791050901e+11 3.4834208873242e-01
7.5480394468426e+32 9.6698148412083e+11 3.5247272218846e-01
7.5797234379345e+32 9.6776437360439e+11 3.5683158549875e-01
7.6134793452830e+32 9.6853975911772e+11 3.5959523300373e-01
7.6451806793353e+32 9.6930859033835e+11 3.6218323038958e-01
7.6787852459962e+32 9.7006703428053e+11 3.6641575247780e-01
7.7105353760025e+32 9.7081695822458e+11 3.7012184888088e-01
7.7445504032267e+32 9.7156727570509e+11 3.6937191615223e-01
7.7782610911588e+32 9.7234004227624e+11 3.6888015847614e-01
7.8096854741318e+32 9.7307646612225e+11 3.7532212218905e-01
7.8434069249873e+32 9.7379899367450e+11 3.8168413167149e-01
7.8752484664403e+32 9.7451794885239e+11 3.8306989081419e-01
7.9087338236389e+32 9.7522795730042e+11 3.8724805226820e-01
7.9418912067146e+32 9.7593642431960e+11 3.9950970576759e-01
7.9734870976725e+32 9.7660389554337e+11 4.1093756536215e-01
8.0075271342427e+32 9.7726907160730e+11 4.1175258975870e-01
8.0416173557323e+32 9.7796259450019e+11 4.0624605162599e-01
8.0751548926172e+32 9.7865415213972e+11 4.0684829164764e-01
8.1066715127168e+32 9.7931182626702e+11 4.1480281093667e-01
8.1405733579071e+32 9.7996284849081e+11 4.1829513403085e-01
8.1741570620797e+32 9.8062897705410e+11 4.2066256625190e-01
8.2080341065625e+32 9.8128999610918e+11 4.2330017085520e-01
8.2415539447045e+32 9.8194478961553e+11 4.2678147617924e-01
8.2735841264174e+32 9.8257706850378e+11 4.2833823904821e-01
8.3072393824691e+32 9.8320879021002e+11 4.2814063010158e-01
8.3409930230870e+32 9.8385391580897e+11 4.3144955967429e-01
8.3746301735153e+32 9.8449291250747e+11 4.3503559738953e-01
8.4081973108802e+32 9.8512233756239e+11 4.4109020110158e-01
8.4420335308585e+32 9.8574596224333e+11 4.4462327156668e-01
8.4756575964075e+32 9.8636493325090e+11 4.4739878252440e-01
8.5092416250417e+32 9.8697476132375e+11 4.5351755527345e-01
8.5428712325655e+32 9.8757567506417e+11 4.5970913413514e-01
8.5764245859291e+32 9.8816724787136e+11 4.6641413868633e-01
8.6100644391794e+32 9.8874984212130e+11 4.7298745296243e-01
8.6436219590570e+32 9.8932371942599e+11 4.7964546774894e-01
8.6778247163307e+32 9.8989841589037e+11 4.7843280588347e-01
8.7113263552491e+32 9.9047298193910e+11 4.7795532644489e-01
8.7449962898176e+32 9.9103850405999e+11 4.8500736957717e-01
8.7783647103816e+32 9.9159298270831e+11 4.9417700854797e-01
8.8122848157414e+32 9.9214061214700e+11 4.9969559471976e-01
8.8459131711804e+32 9.9268578394006e+11 5.0144083414949e-01
8.8795384265611e+32 9.9322374611516e+11 5.0760977799137e-01
8.9131041008557e+32 9.9375361390118e+11 5.1482037537408e-01
8.9468070040730e+32 9.9427673077642e+11 5.2086581398135e-01
8.9802899085731e+32 9.9479198197083e+11 5.2829812674544e-01
9.0155628070295e+32 9.9530808554981e+11 5.4222563143049e-01
9.0491662053828e+32 9.9581258851602e+11 5.5434930334876e-01
9.0834864440590e+32 9.9630585160647e+11 5.5019337828038e-01
9.1173406866649e+32 9.9680602943965e+11 5.4196686104963e-01
9.1504210820693e+32 9.9729499921621e+11 5.5410350848795e-01
9.1863850369602e+32 9.9778849139500e+11 5.6440343620628e-01
9.2198097027760e+32 9.9827769090291e+11 5.6899528573951e-01
9.2539613363918e+32 9.9875102854258e+11 5.7046103720082e-01
9.2877365364403e+32 9.9922761027025e+11 5.6604051884863e-01
9.3226132789142e+32 9.9970366908779e+11 5.8273938111573e-01
9.3565633183512e+32 1.0001683887431e+12 5.9633833574647e-01
9.3895887692214e+32 1.0006103648817e+12 6.0893015868619e-01
9.4252836670104e+32 1.0010523397145e+12 6.2588388677895e-01
9.4587255032598e+32 1.0014875637356e+12 6.3543059835014e-01
9.4924121940470e+32 1.0019032251660e+12 6.4542759765975e-01
9.5281071599379e+32 1.0023275046879e+12 6.5026451266069e-01
9.5615584973195e+32 1.0027454912502e+12 6.5991559212573e-01
9.5972651880743e+32 1.0031569891898e+12 6.6938158637026e-01
9.6308451797366e+32 1.0035640312706e+12 6.7639899618121e-01
9.6640705578633e+32 1.0039491819922e+12 6.9390634874231e-01
9.6996431325431e+32 1.0043354799353e+12 7.1127466663811e-01
9.7331808683817e+32 1.0047157490840e+12 7.2240262659001e-01
9.7683434077279e+32 1.0050853010883e+12 7.4235573340017e-01
9.8020836451581e+32 1.0054470543094e+12 7.5801310334685e-01
9.8375729142745e+32 1.0058042198442e+12 7.6704518072900e-01
9.8712066996941e+32 1.0061560102818e+12 7.7844060149351e-01
9.9068798592772e+32 1.0065040984626e+12 7.8593767707758e-01
9.9423441435310e+32 1.0068570035798e+12 7.9705533378380e-01
9.9760319408903e+32 1.0071951289736e+12 8.0818161010573e-01
1.0011611390574e+33 1.0075293548499e+12 8.1681605990232e-01
1.0045220300414e+33 1.0078591892417e+12 8.2745275502950e-01
1.0080935269097e+33 1.0081857140655e+12 8.3504684899127e-01
1.0116544231441e+33 1.0085185308862e+12 8.4223987242089e-01
1.0150106053164e+33 1.0088376165545e+12 8.5370657493805e-01
1.0185709174208e+33 1.0091520486170e+12 8.6539411309392e-01
1.0221311524381e+33 1.0094715275823e+12 8.7571773391746e-01
1.0254886508893e+33 1.0097778986850e+12 8.8745531211515e-01
1.0290403785797e+33 1.0100791905957e+12 9.0141690411742e-01
1.0326017803066e+33 1.0103847095476e+12 9.1404925882453e-01
1.0359697193595e+33 1.0106786931346e+12 9.2305198339186e-01
1.0395416996426e+33 1.0109704488547e+12 9.2933631112072e-01
1.0431055665027e+33 1.0112681683235e+12 9.3632243001957e-01
1.0466516966709e+33 1.0115613326597e+12 9.5046796037403e-01
1.0500035225799e+33 1.0118408650603e+12 9.6879694139153e-01
1.0535477612626e+33 1.0121146946080e+12 9.8775065387499e-01
1.0570846414537e+33 1.0123899332777e+12 1.0105846459670e+00
1.0606156927562e+33 1.0126577986776e+12 1.0379302410942e+00
1.0641541842512e+33 1.0129185849867e+12 1.0655063805952e+00
1.0676972385889e+33 1.0131733414067e+12 1.0902006765756e+00
1.0710459096296e+33 1.0134158743020e+12 1.1129956854231e+00
1.0745914461854e+33 1.0136533605809e+12 1.1354189835929e+00
1.0781440031952e+33 1.0138932387767e+12 1.1559295896426e+00
1.0817008244778e+33 1.0141294793708e+12 1.1732575771836e+00
1.0852552599826e+33 1.0143622463640e+12 1.1902271386309e+00
1.0888085863526e+33 1.0145913755992e+12 1.2085218070138e+00
1.0923578147593e+33 1.0148166055675e+12 1.2289139326746e+00
1.0959058681691e+33 1.0150376743041e+12 1.2514913142617e+00
1.0994559028386e+33 1.0152547124517e+12 1.2741575152816e+00
1.1030065383497e+33 1.0154679489786e+12 1.2963535808885e+00
1.1065512342355e+33 1.0156771215707e+12 1.3211020788636e+00
1.1100911063427e+33 1.0158817061775e+12 1.3499766940074e+00
1.1136337152865e+33 1.0160817032643e+12 1.3804675975782e+00
1.1171689357853e+33 1.0162769489905e+12 1.4135907493476e+00
1.1206905905667e+33 1.0164664273169e+12 1.4561808310717e+00
1.1242552878720e+33 1.0166518089459e+12 1.4875800149700e+00
1.1279259546361e+33 1.0168408931306e+12 1.4586878861511e+00
1.1315105344032e+33 1.0170347291302e+12 1.4215264303966e+00
1.1351668667778e+33 1.0172273858660e+12 1.4697866179701e+00
1.1387335110582e+33 1.0174128991503e+12 1.5257225486868e+00
1.1422906007327e+33 1.0175913994606e+12 1.5419136645454e+00
1.1458490135308e+33 1.0177675728155e+12 1.5615797701783e+00
1.1494022664345e+33 1.0179412558020e+12 1.5836841877973e+00
1.1529471444148e+33 1.0181117930565e+12 1.6125416166001e+00
1.1567099043102e+33 1.0182843949019e+12 1.6367090241229e+00
1.1602728947364e+33 1.0184553253770e+12 1.6524166266241e+00
1.1638180949409e+33 1.0186190794533e+12 1.6775269830502e+00
1.1673757951507e+33 1.0187800809466e+12 1.7056744180279e+00
1.1711161541376e+33 1.0189426552277e+12 1.7350758905071e+00
1.1746536735554e+33 1.0191016249931e+12 1.7749416748625e+00
1.1782088307081e+33 1.0192532212084e+12 1.8096783161220e+00
1.1819737574564e+33 1.0194072419968e+12 1.8298069651855e+00
1.1855418416645e+33 1.0195601163424e+12 1.8432509001203e+00
1.1891126588244e+33 1.0197078791389e+12 1.8547897096988e+00
1.1928899620419e+33 1.0198591807372e+12 1.8612912653064e+00
1.1964779476338e+33 1.0200106459329e+12 1.8584741155334e+00
1.2000349954297e+33 1.0201573272209e+12 1.8667685367560e+00
1.2037562677027e+33 1.0203046638828e+12 1.9094527295675e+00
1.2072961395650e+33 1.0204481002923e+12 1.9617240076240e+00
1.2108455423476e+33 1.0205847856347e+12 2.0016836295081e+00
1.2145873284039e+33 1.0207225522386e+12 2.0405064106739e+00
1.2181351991721e+33 1.0208576969448e+12 2.0802719196730e+00
1.2218733039810e+33 1.0209900236938e+12 2.1228527669282e+00
1.2254260072666e+33 1.0211198928580e+12 2.1636993105667e+00
1.2291733746205e+33 1.0212475326094e+12 2.2000136776027e+00
1.2327287410205e+33 1.0213732088200e+12 2.2342646732528e+00
1.2365131049022e+33 1.0214981326907e+12 2.2466543874509e+00
1.2400957774790e+33 1.0216232482573e+12 2.2432373908439e+00
1.2438470779005e+33 1.0217474111363e+12 2.2594520446652e+00
1.2473900647909e+33 1.0218693806169e+12 2.3001850003714e+00
1.2511290980161e+33 1.0219886987655e+12 2.3494413034239e+00
1.2546796887595e+33 1.0221057889706e+12 2.3949687817439e+00
1.2584386952855e+33 1.0222211738222e+12 2.4292493780297e+00
1.2621995493796e+33 1.0223383935821e+12 2.4558352033127e+00
1.2657592170751e+33 1.0224512873642e+12 2.4815894469710e+00
1.2695158145954e+33 1.0225628041694e+12 2.5112943213711e+00
1.2732667660196e+33 1.0226757622343e+12 2.5465664473890e+00
1.2768173705431e+33 1.0227840008386e+12 2.5870580128512e+00
1.2805613452679e+33 1.0228902730549e+12 2.6331648958765e+00
1.2843055393769e+33 1.0229973977144e+12 2.6831590381907e+00
1.2878544583901e+33 1.0230998043319e+12 2.7334760047820e+00
1.2915998954755e+33 1.0232002784159e+12 2.7844086141225e+00
1.2953461905713e+33 1.0233016048447e+12 2.8353933174074e+00
1.2988959765941e+33 1.0233985725610e+12 2.8838128557309e+00
1.3026456444978e+33 1.0234939344311e+12 2.9306188806388e+00
1.3064001299934e+33 1.0235904760310e+12 2.9739396812853e+00
1.3101608990443e+33 1.0236858712126e+12 3.0091782979683e+00
1.3139314715134e+33 1.0237805467300e+12 3.0310721725879e+00
1.3175181726035e+33 1.0238726345800e+12 3.0343190624279e+00
1.3213234811524e+33 1.0239654788533e+12 3.0096818355778e+00
1.3251636090020e+33 1.0240629801458e+12 2.9421112852438e+00
1.3289988824900e+33 1.0241634627184e+12 2.8548214580264e+00
1.3328125858441e+33 1.0242663038338e+12 2.7879265622234e+00
1.3369062073831e+33 1.0243786754192e+12 2.5659711196938e+00
1.3411895550402e+33 1.0245157433939e+12 2.1203683695393e+00
1.3450222626192e+33 1.0246750604694e+12 1.7553929188353e+00
1.3488688868623e+33 1.0248482128770e+12 1.6117440483705e+00
1.3526373675250e+33 1.0250284472713e+12 1.5887976515723e+00
1.3563900152334e+33 1.0252067823503e+12 1.6049845370285e+00
1.3601211198588e+33 1.0253815136509e+12 1.6376614260036e+00
1.3638453708687e+33 1.0255513955440e+12 1.6840338005964e+00
1.3675730960042e+33 1.0257163947656e+12 1.7332667052887e+00
1.3713240009154e+33 1.0258777893875e+12 1.7713241601049e+00
1.3750842488670e+33 1.0260370538513e+12 1.7942876342103e+00
1.3788309846425e+33 1.0261940567443e+12 1.8196687355187e+00
1.3825686539992e+33 1.0263479136901e+12 1.8561573389022e+00
1.3863123863749e+33 1.0264985921407e+12 1.8945352251758e+00
1.3900588172988e+33 1.0266464853111e+12 1.9301058361638e+00
1.3937982187195e+33 1.0267914288825e+12 1.9691011896797e+00
1.3975386863465e+33 1.0269332592750e+12 2.0114151691707e+00
1.4014786453554e+33 1.0270758435869e+12 2.0519765311601e+00
1.4052284827763e+33 1.0272159698196e+12 2.0885139955581e+00
1.4089793720108e+33 1.0273503278935e+12 2.1214256810766e+00
1.4127243362791e+33 1.0274823915033e+12 2.1578474186261e+00
1.4164600025650e+33 1.0276116696495e+12 2.2038388906691e+00
1.4201889987462e+33 1.0277377032508e+12 2.2596674327979e+00
1.4241164071348e+33 1.0278636061767e+12 2.3205684468274e+00
1.4278585067534e+33 1.0279866594377e+12 2.3753994236919e+00
1.4316085157096e+33 1.0281043385363e+12 2.4186419949794e+00
1.4353620777144e+33 1.0282202475315e+12 2.4548518690224e+00
1.4391173267404e+33 1.0283345834739e+12 2.4879945550990e+00
1.4430686729683e+33 1.0284503286592e+12 2.5213023860937e+00
1.4468244419175e+33 1.0285645991194e+12 2.5535352132314e+00
1.4505837021155e+33 1.0286746422350e+12 2.5828973785343e+00
1.4543492450681e+33 1.0287836707386e+12 2.6069060962864e+00
1.4583241554690e+33 1.0288950275160e+12 2.6184952644073e+00
1.4621054984599e+33 1.0290063191274e+12 2.6198558241892e+00
1.4658844531415e+33 1.0291147588843e+12 2.6192676880807e+00
1.4698743234558e+33 1.0292263433099e+12 2.6117206338677e+00
1.4736735445041e+33 1.0293387790505e+12 2.5914670123092e+00
1.4776745595300e+33 1.0294524270844e+12 2.5637023280497e+00
1.4814747622725e+33 1.0295672867956e+12 2.5351898653400e+00
1.4852749980651e+33 1.0296804099547e+12 2.5083116708608e+00
1.4892742390676e+33 1.0297977285218e+12 2.4817312973747e+00
1.4930709210726e+33 1.0299161606559e+12 2.4567034323046e+00
1.4970714932289e+33 1.0300358050138e+12 2.4326366967154e+00
1.5008683085227e+33 1.0301565640426e+12 2.4093163233416e+00
1.5048661151690e+33 1.0302784373225e+12 2.3866902103736e+00
1.5086628825349e+33 1.0304014249201e+12 2.3635653603190e+00
1.5124622674550e+33 1.0305224460580e+12 2.3404593728456e+00
1.5164630039118e+33 1.0306479893588e+12 2.3154159388242e+00
1.5204654637234e+33 1.0307781865156e+12 2.2891726217602e+00
1.5242651324458e+33 1.0309065151991e+12 2.2632852155490e+00
1.5282659228918e+33 1.0310362855670e+12 2.2377988979383e+00
1.5320661169873e+33 1.0311674327808e+12 2.2139545351917e+00
1.5360642326069e+33 1.0312999231878e+12 2.1911771429739e+00
1.5398624736432e+33 1.0314336585239e+12 2.1696222196667e+00
1.5438604280652e+33 1.0315687049465e+12 2.1486771427120e+00
1.5478612261270e+33 1.0317086009208e+12 2.1265974575727e+00
1.5516598512304e+33 1.0318463666794e+12 2.1049004462440e+00
1.5556583102300e+33 1.0319855093209e+12 2.0834224751941e+00
1.5594563034357e+33 1.0321259961176e+12 2.0623066999799e+00
1.5634566286733e+33 1.0322679575816e+12 2.0412720383936e+00
1.5674533123534e+33 1.0324149322008e+12 2.0216412430853e+00
1.5714478665817e+33 1.0325630861420e+12 2.0048516043131e+00
1.5752463150671e+33 1.0327087830602e+12 1.9864096356624e+00
1.5792558078776e+33 1.0328563806216e+12 1.9610782706330e+00
1.5832738772233e+33 1.0330103682336e+12 1.9273973178510e+00
1.5870818186014e+33 1.0331630126914e+12 1.8947661972886e+00
1.5910713244050e+33 1.0333171970523e+12 1.8754067334644e+00
1.5950561411655e+33 1.0334759691987e+12 1.8672240251947e+00
1.5990676364853e+33 1.0336362489383e+12 1.8494074460038e+00
1.6030753019357e+33 1.0337989535222e+12 1.8212088321459e+00
1.6068600717839e+33 1.0339589056821e+12 1.8053051485297e+00
1.6108500845445e+33 1.0341195135208e+12 1.7976755409965e+00
1.6148465481904e+33 1.0342853973350e+12 1.7844197441100e+00
1.6188467233830e+33 1.0344528864857e+12 1.7667480760266e+00
1.6228435467428e+33 1.0346219812498e+12 1.7496949528978e+00
1.6268314267478e+33 1.0347921573582e+12 1.7378410457156e+00
1.6308315827427e+33 1.0349635789684e+12 1.7246988237167e+00
1.6348201085264e+33 1.0351362784946e+12 1.7113193673468e+00
1.6388117267027e+33 1.0353099280116e+12 1.7011087569006e+00
1.6426116138003e+33 1.0354806287931e+12 1.6867682252584e+00
1.6466035793574e+33 1.0356527713669e+12 1.6724472530369e+00
1.6506176584641e+33 1.0358314023226e+12 1.6523912222055e+00
1.6546209170339e+33 1.0360126547174e+12 1.6278208993507e+00
1.6586103859393e+33 1.0361954472026e+12 1.6135221525721e+00
1.6625868204645e+33 1.0363785673684e+12 1.6099852780513e+00
1.6665606224547e+33 1.0365613281024e+12 1.6123764248111e+00
1.6705596613724e+33 1.0367447441976e+12 1.6064868158743e+00
1.6745574175565e+33 1.0369298959859e+12 1.5906913200684e+00
1.6787585660173e+33 1.0371216351878e+12 1.5739372870942e+00
1.6827531478844e+33 1.0373151117556e+12 1.5591220746866e+00
1.6867561324020e+33 1.0375057037290e+12 1.5436846147412e+00
1.6907560264826e+33 1.0376983928902e+12 1.5262565598636e+00
1.6947613052630e+33 1.0378933109731e+12 1.5083415344729e+00
1.6987649321623e+33 1.0380906545319e+12 1.4892257520306e+00
1.7027626713438e+33 1.0382900948763e+12 1.4728649226007e+00
1.7067720065570e+33 1.0384919601068e+12 1.4546605334061e+00
1.7109850416481e+33 1.0387021818928e+12 1.4315395248717e+00
1.7149858133586e+33 1.0389151889585e+12 1.4117034746840e+00
1.7189899259669e+33 1.0391254110618e+12 1.3952434363842e+00
1.7229953115368e+33 1.0393382546415e+12 1.3776132411135e+00
1.7269959609640e+33 1.0395535564829e+12 1.3612451742848e+00
1.7312006104582e+33 1.0397768213245e+12 1.3449257415757e+00
1.7352097988589e+33 1.0400031004781e+12 1.3260328227483e+00
1.7392164948577e+33 1.0402270533893e+12 1.3069215838100e+00
1.7434198954809e+33 1.0404595267813e+12 1.2902090836499e+00
1.7474200440757e+33 1.0406944577735e+12 1.2758007982587e+00
1.7514222542000e+33 1.0409261442730e+12 1.2615356029176e+00
1.7556319431183e+33 1.0411667765488e+12 1.2447435248657e+00
1.7596368567280e+33 1.0414106208263e+12 1.2273733732940e+00
1.7636341507349e+33 1.0416510905404e+12 1.2138407783705e+00
1.7678291090708e+33 1.0418996212997e+12 1.2033765944047e+00
1.7718265246614e+33 1.0421501515827e+12 1.1929623697789e+00
1.7758286785522e+33 1.0423970445239e+12 1.1805809921784e+00
1.7800393758391e+33 1.0426535058377e+12 1.1646236395077e+00
1.7840428469192e+33 1.0429133429349e+12 1.1485657531365e+00
1.7882381942867e+33 1.0431757691737e+12 1.1369702351054e+00
1.7922328425952e+33 1.0434401289039e+12 1.1277767212087e+00
1.7964325111497e+33 1.0437068480065e+12 1.1174418609585e+00
1.8004353419300e+33 1.0439763528321e+12 1.1051427018292e+00
1.8046435816131e+33 1.0442493640172e+12 1.0907001030639e+00
1.8086573091288e+33 1.0445264712021e+12 1.0737240311068e+00
1.8128629302864e+33 1.0448077399181e+12 1.0575940427353e+00
1.8168600728020e+33 1.0450919250890e+12 1.0457582766907e+00
1.8210635027695e+33 1.0453790600875e+12 1.0348275722253e+00
1.8250804889014e+33 1.0456703899810e+12 1.0190857463156e+00
1.8293070261161e+33 1.0459678475932e+12 9.9799484621466e-01
1.8335154445260e+33 1.0462780530839e+12 9.7937004484585e-01
1.8375156072191e+33 1.0465844569542e+12 9.6730479758232e-01
1.8417139240935e+33 1.0468938100793e+12 9.5778428898983e-01
1.8457153131808e+33 1.0472061128926e+12 9.4784121010013e-01
1.8499077621580e+33 1.0475211354453e+12 9.3924780053674e-01
1.8540942825973e+33 1.0478453664196e+12 9.3431474808102e-01
1.8581048818471e+33 1.0481647146763e+12 9.2531895247507e-01
1.8623206864764e+33 1.0484893724230e+12 9.0994107942374e-01
1.8665805547049e+33 1.0488312013707e+12 8.8479277639168e-01
1.8707556997336e+33 1.0491791258620e+12 8.6841313622489e-01
1.8747304049152e+33 1.0495179077509e+12 8.7016775228472e-01
1.8789418722701e+33 1.0498587858506e+12 8.6440751283688e-01
1.8831698549804e+33 1.0502146074325e+12 8.4762265247926e-01
1.8873657076407e+33 1.0505758691050e+12 8.3422401598880e-01
1.8915643663540e+33 1.0509401456267e+12 8.2673053192816e-01
1.8955812371106e+33 1.0513005227567e+12 8.1506662293738e-01
1.8997718124054e+33 1.0516651931918e+12 8.0510875683214e-01
1.9039559341281e+33 1.0520400555399e+12 8.0175348046450e-01
1.9081509419099e+33 1.0524166211273e+12 7.9755525900141e-01
1.9123547693661e+33 1.0527966925242e+12 7.8961679616001e-01
1.9165822202010e+33 1.0531832858045e+12 7.7577715146171e-01
1.9208223658619e+33 1.0535798751047e+12 7.5572799143347e-01
1.9250454397397e+33 1.0539862296128e+12 7.3697717621795e-01
1.9292629915011e+33 1.0544003825603e+12 7.2251507143065e-01
1.9334700556661e+33 1.0548208931974e+12 7.1099753153627e-01
1.9376559184145e+33 1.0552446481617e+12 7.0499112799002e-01
1.9418539450648e+33 1.0556707619311e+12 7.0051927006820e-01
1.9460642399985e+33 1.0561017585311e+12 6.9202828471764e-01
1.9502697314324e+33 1.0565384251893e+12 6.8252528018109e-01
1.9544784964533e+33 1.0569806629085e+12 6.7334312498004e-01
1.9586936456010e+33 1.0574295852999e+12 6.6276786514933e-01
1.9629040427188e+33 1.0578854219404e+12 6.5219537136998e-01
1.9671103541430e+33 1.0583472885909e+12 6.4309673000734e-01
1.9713237920515e+33 1.0588156438025e+12 6.3360822435939e-01
1.9755443873010e+33 1.0592921912155e+12 6.2219192238607e-01
1.9797487643785e+33 1.0597759810538e+12 6.1231061698124e-01
1.9839193677783e+33 1.0602613114892e+12 6.0979313842052e-01
1.9883557409938e+33 1.0607635187800e+12 6.0305571781748e-01
1.9926681459893e+33 1.0612875511877e+12 5.7726241922573e-01
1.9968795724795e+33 1.0618191863006e+12 5.5511595153291e-01
2.0010464312329e+33 1.0623528202614e+12 5.5247681119076e-01
2.0052723529310e+33 1.0628902883178e+12 5.4805605581153e-01
2.0097073634053e+33 1.0634534480745e+12 5.3511064806918e-01
2.0139207256583e+33 1.0640276513845e+12 5.2395273182913e-01
2.0181033995904e+33 1.0645930731476e+12 5.1922170516570e-01
2.0225214004037e+33 1.0651772073952e+12 5.1417078687194e-01
2.0267337951040e+33 1.0657703865727e+12 5.0558661287848e-01
2.0309310485764e+33 1.0663562909539e+12 4.9945866652129e-01
2.0353380769607e+33 1.0669620868810e+12 4.9409119188733e-01
2.0395532628506e+33 1.0675761749065e+12 4.8672154438307e-01
2.0439648111823e+33 1.0681997015565e+12 4.7895147829138e-01
2.0481607815579e+33 1.0688295526901e+12 4.7346305834819e-01
2.0523610329481e+33 1.0694496068810e+12 4.6925978230758e-01
2.0567719235598e+33 1.0700916509863e+12 4.6351892888051e-01
2.0609643157506e+33 1.0707394949776e+12 4.5871002401352e-01
2.0653350409262e+33 1.0713873721749e+12 4.5814186500108e-01
2.0694981115054e+33 1.0720308906960e+12 4.6073631816230e-01
2.0738640098103e+33 1.0726691981518e+12 4.6385229124574e-01
2.0780466037271e+33 1.0733054731187e+12 4.6481823739029e-01
2.0824469133120e+33 1.0739447291336e+12 4.6216547252401e-01
2.0868625349297e+33 1.0746067938573e+12 4.5605804098255e-01
2.0910841167281e+33 1.0752648608044e+12 4.4775534946791e-01
2.0955213328579e+33 1.0759379034422e+12 4.3751488043459e-01
2.0999314608308e+33 1.0766396200564e+12 4.2867565025645e-01
2.1041088399023e+33 1.0773290474530e+12 4.2584472706917e-01
2.1084911793899e+33 1.0780177854385e+12 4.2571719027927e-01
2.1128904828121e+33 1.0787255627469e+12 4.2333981406583e-01
2.1171009564492e+33 1.0794246569600e+12 4.1826051569806e-01
2.1215013672553e+33 1.0801316487536e+12 4.1316170408245e-01
2.1259070320669e+33 1.0808620715779e+12 4.0863449414930e-01
2.1303125095639e+33 1.0816004256362e+12 4.0369983307994e-01
2.1347185743135e+33 1.0823468407347e+12 3.9879632160952e-01
2.1391271525986e+33 1.0831019080349e+12 3.9368733348221e-01
2.1433324787543e+33 1.0838481952241e+12 3.8866747505320e-01
2.1477349165836e+33 1.0846021849561e+12 3.8425938380257e-01
2.1521401005315e+33 1.0853812778053e+12 3.7996254392251e-01
2.1565526005577e+33 1.0861698740767e+12 3.7483424251598e-01
2.1609638895114e+33 1.0869691865342e+12 3.6927250255083e-01
2.1653730859360e+33 1.0877786927837e+12 3.6409795698899e-01
2.1697814483034e+33 1.0885979325663e+12 3.5923242994130e-01
2.1741860726187e+33 1.0894261496177e+12 3.5479938072308e-01
2.1785813203228e+33 1.0902609515018e+12 3.5145513564702e-01
2.1832141438135e+33 1.0911269175666e+12 3.4610258833600e-01
2.1876263066919e+33 1.0920078922662e+12 3.3950736575544e-01
2.1920113007286e+33 1.0928755942705e+12 3.3652509495152e-01
2.1964054561104e+33 1.0937459837928e+12 3.3497184433845e-01
2.2008073055857e+33 1.0946223708432e+12 3.3215212926553e-01
2.2052076546438e+33 1.0955060325454e+12 3.2888347989894e-01
2.2098096642428e+33 1.0964173519661e+12 3.2565318440228e-01
2.2142145618540e+33 1.0973369307043e+12 3.2212787544090e-01
2.2186202835606e+33 1.0982452700538e+12 3.1837666943167e-01
2.2232298323544e+33 1.0991846431780e+12 3.1436981211881e-01
2.2276391083233e+33 1.1001348968306e+12 3.1014753946435e-01
2.2320513795707e+33 1.1010758104167e+12 3.0579765416424e-01
2.2366619864053e+33 1.1020504129202e+12 3.0145366281826e-01
2.2410711474485e+33 1.1030363566243e+12 2.9737465418650e-01
2.2456852514121e+33 1.1040350146265e+12 2.9315989710771e-01
2.2500957012170e+33 1.1050461884381e+12 2.8892276798394e-01
2.2547008770927e+33 1.1060685691871e+12 2.8529469360384e-01
2.2591020686609e+33 1.1070996667617e+12 2.8230039653597e-01
2.2637021227290e+33 1.1081387607535e+12 2.7965402282649e-01
2.2680981418272e+33 1.1091843437133e+12 2.7735369865213e-01
2.2727006077745e+33 1.1102372688572e+12 2.7495622548824e-01
2.2773039565233e+33 1.1113225710984e+12 2.7212960200630e-01
2.2817078151928e+33 1.1123935178777e+12 2.6922507720073e-01
2.2863211689869e+33 1.1134764592445e+12 2.6581653097035e-01
2.2909285983597e+33 1.1145961041618e+12 2.6225704009124e-01
2.2953265195164e+33 1.1157002817193e+12 2.5960368738148e-01
2.2999276268114e+33 1.1168121934556e+12 2.5732185667564e-01
2.3045267711347e+33 1.1179567453995e+12 2.5501528543990e-01
2.3091214279596e+33 1.1191076562922e+12 2.5308662558999e-01
2.3137114313229e+33 1.1202626934111e+12 2.5165318496372e-01
2.3180976441811e+33 1.1213944615172e+12 2.5073623950728e-01
2.3226914392965e+33 1.1225290521516e+12 2.4962667297022e-01
2.3272913748568e+33 1.1236952328246e+12 2.4773861855196e-01
2.3318911011072e+33 1.1248693410563e+12 2.4555996367409e-01
2.3364879485530e+33 1.1260505952665e+12 2.4356293031610e-01
2.3410797186103e+33 1.1272370290230e+12 2.4197867866496e-01
2.3456904492037e+33 1.1284322472093e+12 2.3971279838193e-01
2.3503593143049e+33 1.1296563011962e+12 2.3364999183519e-01
2.3549359764647e+33 1.1309001457828e+12 2.2935200635024e-01
2.3595019642031e+33 1.1321367172106e+12 2.3018857242089e-01
2.3641170816366e+33 1.1333764337311e+12 2.2910890768477e-01
2.3688913720515e+33 1.1346487253218e+12 2.2758560602498e-01
2.3734916360857e+33 1.1359225245778e+12 2.2680090701170e-01
2.3781043683361e+33 1.1371810517208e+12 2.2418699025738e-01
2.3826749648064e+33 1.1384432506106e+12 2.2303216660802e-01
2.3872758253602e+33 1.1397059063120e+12 2.2245982651159e-01
2.3920617172996e+33 1.1410008723256e+12 2.2113535093739e-01
2.3966224367936e+33 1.1422894817730e+12 2.2174749013433e-01
2.4012120028537e+33 1.1435451257631e+12 2.2219531346753e-01
2.4060010187601e+33 1.1448307270859e+12 2.2124682131033e-01
2.4105910080136e+33 1.1461189494553e+12 2.2030011415339e-01
2.4151816990572e+33 1.1473827217158e+12 2.1930180748576e-01
2.4199805270085e+33 1.1486795272920e+12 2.1789272987030e-01
2.4245794231135e+33 1.1499839330259e+12 2.1610499996968e-01
2.4293552551446e+33 1.1512899104524e+12 2.1535671092709e-01
2.4339360398300e+33 1.1525924143510e+12 2.1544956437024e-01
2.4387343682660e+33 1.1538976041371e+12 2.1452874265293e-01
2.4433309930977e+33 1.1552097428955e+12 2.1289287713928e-01
2.4481231406189e+33 1.1565273233844e+12 2.1155677052379e-01
2.4527111030695e+33 1.1578477227192e+12 2.1060233633040e-01
2.4574880260582e+33 1.1591668769581e+12 2.1031395221333e-01
2.4620516278320e+33 1.1604779672119e+12 2.1116928183006e-01
2.4669900066529e+33 1.1618254995100e+12 2.0530465353555e-01
2.4717278529300e+33 1.1632295926821e+12 2.0044033876160e-01
2.4765095352504e+33 1.1646187406757e+12 2.0209773830056e-01
2.4810920748552e+33 1.1659771527866e+12 2.0188467256910e-01
2.4858868584931e+33 1.1673375947950e+12 2.0112037969841e-01
2.4906997408895e+33 1.1687378870267e+12 1.9908942197892e-01
2.4954627747280e+33 1.1701397525696e+12 1.9838450725129e-01
2.5000521463038e+33 1.1715072073051e+12 1.9865478857355e-01
2.5048332928456e+33 1.1728748000197e+12 1.9817205717519e-01
2.5095946091992e+33 1.1742635615890e+12 1.9884636029622e-01
2.5143711559559e+33 1.1756430768384e+12 1.9969614481253e-01
2.5191623918567e+33 1.1770221344175e+12 1.9929107035238e-01
2.5239459558232e+33 1.1784027003720e+12 1.9861884272405e-01
2.5287451250675e+33 1.1797870004784e+12 1.9761778880628e-01
2.5335430620047e+33 1.1811792280558e+12 1.9602825358506e-01
2.5383516412957e+33 1.1825821394027e+12 1.9408347367747e-01
2.5431910336015e+33 1.1840079249123e+12 1.9053448522329e-01
2.5480196530687e+33 1.1854626773290e+12 1.8629094504056e-01
2.5528210092147e+33 1.1869352576365e+12 1.8356598103612e-01
2.5578114968126e+33 1.1884451340743e+12 1.8230570123261e-01
2.5626210311462e+33 1.1899639268426e+12 1.8076203008063e-01
2.5674528283070e+33 1.1914735434618e+12 1.7772730686575e-01
2.5723013827719e+33 1.1930174375359e+12 1.7334922277539e-01
2.5772932148351e+33 1.1946157972882e+12 1.7046457873804e-01
2.5820809162187e+33 1.1962164490108e+12 1.6976163792800e-01
2.5868814017139e+33 1.1977895751613e+12 1.6875202635535e-01
2.5918772151534e+33 1.1994035375962e+12 1.6747941861207e-01
2.5966790650565e+33 1.2010256915801e+12 1.6616622907519e-01
2.6015026209693e+33 1.2026323048920e+12 1.6392530497128e-01
2.6065090024360e+33 1.2042918089449e+12 1.6158401130783e-01
2.6113037523396e+33 1.2059604923143e+12 1.6023125449682e-01
2.6162952747621e+33 1.2076337608058e+12 1.5935440089545e-01
2.6210745914560e+33 1.2093061796512e+12 1.5899799845302e-01
2.6260457597427e+33 1.2109707383274e+12 1.5929628051758e-01
2.6310162607720e+33 1.2126588240700e+12 1.5984680013379e-01
2.6357983681161e+33 1.2143064050714e+12 1.6005370750793e-01
2.6407884944264e+33 1.2159538549122e+12 1.5963425914171e-01
2.6455662492498e+33 1.2175996657402e+12 1.5936817679803e-01
2.6505463131565e+33 1.2192403645096e+12 1.5942346116671e-01
2.6555326106245e+33 1.2209126529288e+12 1.5917349804817e-01
2.6605159908943e+33 1.2225840918855e+12 1.5881955819738e-01
2.6653009985264e+33 1.2242207288995e+12 1.5852119676097e-01
2.6702879053538e+33 1.2258572332846e+12 1.5810946480331e-01
2.6752772072267e+33 1.2275285378716e+12 1.5755756390008e-01
2.6802734251694e+33 1.2292042967809e+12 1.5670736196806e-01
2.6852763725072e+33 1.2308891668187e+12 1.5543332642178e-01
2.6902839539072e+33 1.2325869494624e+12 1.5383690760135e-01
2.6952938890128e+33 1.2343000009287e+12 1.5204491030105e-01
2.7003040055276e+33 1.2360293062977e+12 1.5019501666977e-01
2.7053121560005e+33 1.2377742792458e+12 1.4843622448821e-01
2.7103207092454e+33 1.2395343932522e+12 1.4674267797558e-01
2.7153249896728e+33 1.2413084008905e+12 1.4517619780161e-01
2.7203274792667e+33 1.2430942051475e+12 1.4380750730525e-01
2.7253279085337e+33 1.2448904304695e+12 1.4256181536854e-01
2.7303263907257e+33 1.2466957015754e+12 1.4143491016319e-01
2.7355184580883e+33 1.2485433152018e+12 1.4055187440357e-01
2.7405038407272e+33 1.2503921098196e+12 1.4004864351057e-01
2.7454863880680e+33 1.2522022991156e+12 1.3981766625052e-01
2.7504679568540e+33 1.2540089478744e+12 1.3968133462876e-01
2.7556503022314e+33 1.2558483016431e+12 1.3953456014961e-01
2.7606350342271e+33 1.2576853603359e+12 1.3930839838668e-01
2.7656208976076e+33 1.2594851913362e+12 1.3899251206445e-01
2.7708066165288e+33 1.2613204153567e+12 1.3863964533610e-01
2.7757913917151e+33 1.2631545901749e+12 1.3831728509789e-01
2.7809742132764e+33 1.2649866663997e+12 1.3806991193731e-01
2.7859567600036e+33 1.2668159256783e+12 1.3788964598125e-01
2.7909384781302e+33 1.2686059260400e+12 1.3775033556990e-01
2.7961203581341e+33 1.2704283652907e+12 1.3760906504163e-01
2.8013065689124e+33 1.2722848863832e+12 1.3734146991304e-01
2.8062957538871e+33 1.2741064110044e+12 1.3688854602529e-01
2.8114889211619e+33 1.2759312803907e+12 1.3624978778996e-01
2.8164786664215e+33 1.2777596243339e+12 1.3559481056221e-01
2.8216682041422e+33 1.2795903247990e+12 1.3503539561024e-01
2.8268585370268e+33 1.2814594983423e+12 1.3446389253555e-01
2.8318490665438e+33 1.2832954476622e+12 1.3387087632399e-01
2.8370409396106e+33 1.2851348732585e+12 1.3324032132720e-01
2.8422373132267e+33 1.2870159174817e+12 1.3246682551580e-01
2.8474387763785e+33 1.2889058720323e+12 1.3145872134496e-01
2.8524412534318e+33 1.2907703949536e+12 1.3029988061274e-01
2.8576517276783e+33 1.2926496023371e+12 1.2892701174893e-01
2.8628744126822e+33 1.2945875985112e+12 1.2708589931896e-01
2.8680992047846e+33 1.2965530521845e+12 1.2493927975678e-01
2.8732921625757e+33 1.2985348254271e+12 1.2352921973374e-01
2.8784547544329e+33 1.3005093908909e+12 1.2360199742535e-01
2.8836276521408e+33 1.3024692080656e+12 1.2415565698075e-01
2.8888092272277e+33 1.3044216170101e+12 1.2425024338163e-01
2.8939942442773e+33 1.3063713385490e+12 1.2404533360148e-01
2.8991760594291e+33 1.3083185044521e+12 1.2384144412141e-01
2.9043499742107e+33 1.3102589205763e+12 1.2390448132240e-01
2.9095309140402e+33 1.3121923248899e+12 1.2398434042958e-01
2.9147120169008e+33 1.3141215354903e+12 1.2388512679764e-01
2.9198939239705e+33 1.3160470106415e+12 1.2376088038567e-01
2.9252775478758e+33 1.3180067661811e+12 1.2357356862798e-01
2.9304652269621e+33 1.3199658683793e+12 1.2324785288109e-01
2.9356494293796e+33 1.3218874806758e+12 1.2291643356779e-01
2.9408346136231e+33 1.3238077808523e+12 1.2264200190456e-01
2.9462242390190e+33 1.3257658309722e+12 1.2223566302648e-01
2.9514195279590e+33 1.3277282703971e+12 1.2160036582811e-01
2.9566191065790e+33 1.3296617407839e+12 1.2073967506527e-01
2.9620197850776e+33 1.3316427289090e+12 1.1976406646788e-01
2.9672178678970e+33 1.3336331524281e+12 1.1883023174825e-01
2.9724121898795e+33 1.3355932293251e+12 1.1804803074518e-01
2.9778030288986e+33 1.3375955822316e+12 1.1743440849512e-01
2.9829940692322e+33 1.3396010805087e+12 1.1689398262507e-01
2.9883861799193e+33 1.3416103784104e+12 1.1632718424094e-01
2.9935749534389e+33 1.3436224328772e+12 1.1582033014722e-01
2.9989592687805e+33 1.3456343598110e+12 1.1547969920801e-01
3.0043424061555e+33 1.3476821372690e+12 1.1525133600916e-01
3.0095293302281e+33 1.3496907196137e+12 1.1497707220147e-01
3.0149212620117e+33 1.3517014632105e+12 1.1451224540761e-01
3.0201140385374e+33 1.3537165325049e+12 1.1392306445437e-01
3.0255077646521e+33 1.3557367144881e+12 1.1330452174537e-01
3.0309000673279e+33 1.3577998940159e+12 1.1269383888450e-01
3.0362886714566e+33 1.3598660242702e+12 1.1218927190595e-01
3.0414779192461e+33 1.3618955808950e+12 1.1175691671684e-01
3.0468719812844e+33 1.3639290041529e+12 1.1121870753500e-01
3.0522661854224e+33 1.3660065346777e+12 1.1057640752127e-01
3.0576603510801e+33 1.3680898308315e+12 1.0993431784557e-01
3.0630560720563e+33 1.3701794859909e+12 1.0926683373671e-01
3.0682515107004e+33 1.3722371571834e+12 1.0857433826932e-01
3.0736476914350e+33 1.3743020353485e+12 1.0787864128476e-01
3.0790421750588e+33 1.3764125941150e+12 1.0720753447391e-01
3.0844380660249e+33 1.3785297057575e+12 1.0654963622891e-01
3.0898358377795e+33 1.3806546175623e+12 1.0583354841441e-01
3.0952359545882e+33 1.3827890353713e+12 1.0503551858842e-01
3.1006374821733e+33 1.3849344643867e+12 1.0417612051358e-01
3.1060360419713e+33 1.3870902494405e+12 1.0335454465171e-01
3.1114297691207e+33 1.3892533121761e+12 1.0268511742017e-01
3.1170206104548e+33 1.3914607488699e+12 1.0216738651437e-01
3.1224117358275e+33 1.3936712019834e+12 1.0170261479784e-01
3.1278033880108e+33 1.3958448214795e+12 1.0122495423545e-01
3.1331964267428e+33 1.3980226351499e+12 1.0071734641842e-01
3.1385986535582e+33 1.4002089015423e+12 1.0001503505139e-01
3.1442099556208e+33 1.4024517296956e+12 9.8996006953646e-02
3.1496120700516e+33 1.4047100286982e+12 9.7990060841518e-02
3.1550069841708e+33 1.4069364769180e+12 9.7274650196128e-02
3.1604000560763e+33 1.4091684303135e+12 9.6728975122162e-02
3.1659948643286e+33 1.4114472430638e+12 9.6191820696775e-02
3.1713929852963e+33 1.4137333289147e+12 9.5573072970577e-02
3.1769739739877e+33 1.4160211828671e+12 9.5190446540143e-02
3.1823619645344e+33 1.4183066750350e+12 9.4979007659792e-02
3.1877537006705e+33 1.4205526437073e+12 9.4590133000529e-02
3.1933474670166e+33 1.4228447538993e+12 9.4108489757393e-02
3.1987389787061e+33 1.4251410600234e+12 9.3628562713679e-02
3.2043281934782e+33 1.4274399217146e+12 9.3223545203261e-02
3.2099133972044e+33 1.4297805339627e+12 9.2924651027501e-02
3.2152957745555e+33 1.4320762492326e+12 9.2750148649766e-02
3.2208794524742e+33 1.4343682277300e+12 9.2601748450278e-02
3.2262673253094e+33 1.4366589610436e+12 9.2355615595329e-02
3.2318581273509e+33 1.4389514629780e+12 9.1990669230141e-02
3.2374496660623e+33 1.4412889937550e+12 9.1565711268500e-02
3.2428401579241e+33 1.4435877907921e+12 9.1149015002376e-02
3.2484335889636e+33 1.4458905883230e+12 9.0704377058688e-02
3.2540341189799e+33 1.4482433955407e+12 9.0102106162009e-02
3.2596374056968e+33 1.4506083902120e+12 8.9346334301331e-02
3.2650231228157e+33 1.4529369429511e+12 8.8832653598838e-02
3.2706804162618e+33 1.4552943319676e+12 8.7499753193674e-02
3.2763304982050e+33 1.4577506206664e+12 8.5204383412957e-02
3.2818752821281e+33 1.4602147097617e+12 8.4639083485192e-02
3.2874657923872e+33 1.4626608452358e+12 8.4969595136696e-02
3.2930649225682e+33 1.4651130126652e+12 8.4481272178946e-02
3.2986733122538e+33 1.4675789428557e+12 8.3729263410767e-02
3.3042709351661e+33 1.4700580475097e+12 8.3001175109620e-02
3.3098713106193e+33 1.4725469188230e+12 8.2396084294459e-02
3.3154726710605e+33 1.4750471962952e+12 8.1744777493154e-02
3.3210662334271e+33 1.4775557318043e+12 8.1201178177306e-02
3.3266450193390e+33 1.4800624321045e+12 8.0983112918784e-02
3.3322155301912e+33 1.4825571363238e+12 8.1096753923044e-02
3.3377903310471e+33 1.4850382043617e+12 8.1269554315151e-02
3.3433727660763e+33 1.4875110779971e+12 8.1265475534659e-02
3.3491649580578e+33 1.4900277328798e+12 8.1008418080146e-02
3.3547626917789e+33 1.4925506146842e+12 8.0532864131744e-02
3.3603625677922e+33 1.4950389563401e+12 7.9949619549629e-02
3.3659701220078e+33 1.4975414549934e+12 7.9233794615663e-02
3.3717773715352e+33 1.5001062827891e+12 7.8430447335674e-02
3.3773719507694e+33 1.5026823210529e+12 7.7815756289345e-02
3.3829594405543e+33 1.5052157617551e+12 7.7471741655283e-02
3.3887479988326e+33 1.5077944916382e+12 7.7208634310068e-02
3.3943426980012e+33 1.5103764279933e+12 7.6847965030045e-02
3.4001397092444e+33 1.5129654408117e+12 7.6381820369909e-02
3.4057317905276e+33 1.5155600941951e+12 7.5950086786240e-02
3.4115256526768e+33 1.5181592707447e+12 7.5559809756013e-02
3.4171221212020e+33 1.5207648047788e+12 7.5115868626171e-02
3.4229139061084e+33 1.5233759067491e+12 7.4702085011638e-02
3.4285027646294e+33 1.5259889079880e+12 7.4390772274101e-02
3.4342951930954e+33 1.5286042028410e+12 7.4072388745183e-02
3.4398923300457e+33 1.5312255270070e+12 7.3646358420927e-02
3.4456907130336e+33 1.5338558951364e+12 7.3144871214852e-02
3.4514873710016e+33 1.5365410563052e+12 7.2658001507743e-02
3.4570783904481e+33 1.5391849295787e+12 7.2267123831408e-02
3.4628491482639e+33 1.5418221196214e+12 7.2197567071391e-02
3.4686127436400e+33 1.5444864437431e+12 7.2473763081081e-02
3.4743738432792e+33 1.5471271691146e+12 7.2868654355452e-02
3.4799456713983e+33 1.5497031431021e+12 7.3162878186741e-02
3.4857181345407e+33 1.5522650275120e+12 7.3315857146141e-02
3.4916431808363e+33 1.5549267940789e+12 7.1610252257587e-02
3.4974630180088e+33 1.5576647833641e+12 6.9340762297527e-02
3.5032376423887e+33 1.5604109670426e+12 6.8887956613316e-02
3.5090234376793e+33 1.5631494164287e+12 6.8839102101305e-02
3.5148255403087e+33 1.5658931701765e+12 6.8466829898796e-02
3.5206385860643e+33 1.5686550124196e+12 6.7782835682542e-02
3.5264187406253e+33 1.5714244588385e+12 6.7356040836776e-02
3.5322050656365e+33 1.5741889266203e+12 6.7239118909909e-02
3.5379949367944e+33 1.5769530652024e+12 6.7012973887172e-02
3.5437753818445e+33 1.5797141221036e+12 6.6850838048977e-02
3.5495613528531e+33 1.5824703964911e+12 6.6732543155258e-02
3.5553468101670e+33 1.5852243148787e+12 6.6558209039194e-02
3.5611375029155e+33 1.5879781020737e+12 6.6330836828738e-02
3.5669419117048e+33 1.5907407341235e+12 6.5890453468797e-02
3.5729584337307e+33 1.5935723179074e+12 6.5172340145021e-02
3.5787883246709e+33 1.5964367401235e+12 6.4186607759610e-02
3.5846225235661e+33 1.5992949343217e+12 6.3017254614723e-02
3.5904247177233e+33 1.6021819676349e+12 6.2160129858851e-02
3.5963978770655e+33 1.6051176325743e+12 6.1958802345893e-02
3.6021772600773e+33 1.6080408481256e+12 6.1998869039322e-02
3.6079768837196e+33 1.6109149789626e+12 6.1762745856054e-02
3.6140048664681e+33 1.6138634986892e+12 6.1034628194335e-02
3.6198257357996e+33 1.6168465527513e+12 6.0093585393094e-02
3.6258125530046e+33 1.6198448082044e+12 5.9570781451261e-02
3.6315819352206e+33 1.6228317243909e+12 5.9581775003597e-02
3.6375564197432e+33 1.6258008082032e+12 5.9712005240480e-02
3.6433413406615e+33 1.6287607840000e+12 5.9679641346983e-02
3.6493582212662e+33 1.6317326232617e+12 5.9232744476679e-02
3.6551681138889e+33 1.6347284487939e+12 5.8534711138059e-02
3.6611754693237e+33 1.6377443958387e+12 5.7937621092235e-02
3.6671705211689e+33 1.6408234597071e+12 5.7496660031953e-02
3.6729644724786e+33 1.6438563159218e+12 5.7182563396123e-02
3.6789612870116e+33 1.6468955939451e+12 5.6853306608542e-02
3.6849539736568e+33 1.6499919598603e+12 5.6541356599897e-02
3.6907470285897e+33 1.6530402170842e+12 5.6263267099141e-02
3.6967403742432e+33 1.6560926110850e+12 5.5982219494543e-02
3.7027391905800e+33 1.6592036682990e+12 5.5652049593787e-02
3.7087413594583e+33 1.6623261262668e+12 5.5239468932801e-02
3.7145388018716e+33 1.6654072307675e+12 5.4839595709773e-02
3.7205340827006e+33 1.6684958071953e+12 5.4508454557614e-02
3.7265290058107e+33 1.6716426473249e+12 5.4202976367756e-02
3.7325247887854e+33 1.6747955829024e+12 5.3894711800161e-02
3.7385212059791e+33 1.6779554034426e+12 5.3575085300803e-02
3.7445176912097e+33 1.6811224991543e+12 5.3250585195536e-02
3.7505117270703e+33 1.6842956184450e+12 5.2949735256815e-02
3.7565012348366e+33 1.6874710942345e+12 5.2710815224861e-02
3.7624928274967e+33 1.6906476820386e+12 5.2494413127228e-02
3.7684879699587e+33 1.6938283316744e+12 5.2231487211758e-02
3.7744900277854e+33 1.6970185481700e+12 5.1879630585055e-02
3.7806299238404e+33 1.7002952143417e+12 5.0351907778277e-02
3.7865195456328e+33 1.7035954762661e+12 4.9780602852170e-02
3.7927586826516e+33 1.7069201192151e+12 5.0042363297747e-02
3.7987365755771e+33 1.7102635759616e+12 4.9558634058605e-02
3.8047359245441e+33 1.7135503432048e+12 4.9391956671275e-02
3.8107281639734e+33 1.7168434714408e+12 4.9107143206725e-02
3.8167181089461e+33 1.7201378431479e+12 4.8900601367149e-02
3.8229189008752e+33 1.7234930377942e+12 4.8629243804484e-02
3.8289172076587e+33 1.7268583984305e+12 4.8290418886795e-02
3.8349101381765e+33 1.7301747362046e+12 4.8014911102770e-02
3.8411044292266e+33 1.7335503215568e+12 4.7776043729093e-02
3.8470976377629e+33 1.7369297691033e+12 4.7533720779750e-02
3.8532985310826e+33 1.7403169486135e+12 4.7242978297971e-02
3.8593017391265e+33 1.7437171047802e+12 4.6877264060303e-02
3.8655012515287e+33 1.7471299019953e+12 4.6523743292910e-02
3.8714853818479e+33 1.7505443400842e+12 4.6319162874286e-02
3.8776743585971e+33 1.7539546474403e+12 4.6193799113964e-02
3.8836775659712e+33 1.7573716394677e+12 4.5923480376515e-02
3.8898848811527e+33 1.7608057363956e+12 4.5521498081780e-02
3.8960884506049e+33 1.7643130419986e+12 4.5122110777154e-02
3.9020837072897e+33 1.7677738190682e+12 4.4811924117525e-02
3.9082781551807e+33 1.7712399045535e+12 4.4569420857801e-02
3.9144814177080e+33 1.7747724477534e+12 4.4274375735261e-02
3.9204913538058e+33 1.7782661196853e+12 4.3868216328974e-02
3.9267006671271e+33 1.7817820787434e+12 4.3422751273032e-02
3.9329008998210e+33 1.7853719080722e+12 4.3052763493415e-02
3.9390850576835e+33 1.7889634446161e+12 4.2859495821416e-02
3.9452624999898e+33 1.7925435229160e+12 4.2824938882306e-02
3.9514428641270e+33 1.7961100996287e+12 4.2815268330376e-02
3.9576297910462e+33 1.7996688661027e+12 4.2738608541416e-02
3.9638188562387e+33 1.8032249395059e+12 4.2602314814719e-02
3.9700108816727e+33 1.8067812750527e+12 4.2431477836061e-02
3.9762040415421e+33 1.8103402966762e+12 4.2232236247371e-02
3.9823955495990e+33 1.8139018034817e+12 4.2036747386103e-02
3.9885852230504e+33 1.8174637751287e+12 4.1867310117270e-02
3.9947736941366e+33 1.8210245006885e+12 4.1717275275364e-02
4.0009631833992e+33 1.8245840414104e+12 4.1567601464978e-02
4.0071610994313e+33 1.8281478480617e+12 4.1356860812291e-02
4.0135579171159e+33 1.8317775231317e+12 4.1101960148420e-02
4.0197735043965e+33 1.8354252870414e+12 4.0733555136565e-02
4.0260494709571e+33 1.8390794748304e+12 3.9867092411207e-02
4.0324089277188e+33 1.8428244351393e+12 3.9359989128137e-02
4.0385913805373e+33 1.8465463941465e+12 3.9446010981309e-02
4.0448011003266e+33 1.8502155926375e+12 3.9219883408912e-02
4.0512182720695e+33 1.8539711767662e+12 3.8784407304936e-02
4.0574232520171e+33 1.8577502901520e+12 3.8381953757817e-02
4.0638195488522e+33 1.8615413306691e+12 3.8107163773783e-02
4.0700130794378e+33 1.8653370217068e+12 3.7905544771960e-02
4.0764112994239e+33 1.8691386738412e+12 3.7692789102131e-02
4.0826201212464e+33 1.8729553393572e+12 3.7390194375061e-02
4.0890373477434e+33 1.8767989401649e+12 3.6981521234596e-02
4.0954535720321e+33 1.8807343617184e+12 3.6538907259946e-02
4.1016475593815e+33 1.8846247565947e+12 3.6231478453608e-02
4.1080433384015e+33 1.8885196166089e+12 3.6041326692342e-02
4.1145511987434e+33 1.8925506754030e+12 3.5242883055886e-02
4.1209091410369e+33 1.8966312765504e+12 3.4655071116096e-02
4.1273144875618e+33 1.9006982518028e+12 3.4620948194166e-02
4.1335292735781e+33 1.9047243986897e+12 3.4277159822909e-02
4.1399308837001e+33 1.9087717150998e+12 3.3955904696103e-02
4.1463229352858e+33 1.9128892898153e+12 3.3761634852300e-02
4.1527246573250e+33 1.9170127584937e+12 3.3569075379147e-02
4.1591411128108e+33 1.9211577270436e+12 3.3252174366058e-02
4.1655628091489e+33 1.9253370990676e+12 3.2836136813751e-02
4.1719819458647e+33 1.9295527031934e+12 3.2412688640783e-02
4.1785985652090e+33 1.9338672756280e+12 3.2025144231779e-02
4.1849980721043e+33 1.9382009948472e+12 3.1738716821038e-02
4.1913642458879e+33 1.9424544252627e+12 3.1698969789990e-02
4.1977466395692e+33 1.9466834061951e+12 3.1741989046735e-02
4.2041614203818e+33 1.9509203855443e+12 3.1545248440003e-02
4.2107739939817e+33 1.9552514845946e+12 3.1207848230831e-02
4.2171808937506e+33 1.9596043405415e+12 3.0911505317393e-02
4.2235863527136e+33 1.9639080409978e+12 3.0647600453349e-02
4.2301954940447e+33 1.9682983888781e+12 3.0380449627439e-02
4.2366085242248e+33 1.9727123914514e+12 3.0080535448759e-02
4.2432306099917e+33 1.9771596224322e+12 2.9725620482281e-02
4.2496527695548e+33 1.9816453251925e+12 2.9334645066904e-02
4.2562792947450e+33 1.9861738213332e+12 2.8930168762963e-02
4.2629055641981e+33 1.9908166246967e+12 2.8519127584656e-02
4.2693219808766e+33 1.9954265960723e+12 2.8153791024577e-02
4.2759296145778e+33 2.0000621312936e+12 2.7871146261675e-02
4.2825311785998e+33 2.0047831949331e+12 2.7657744550016e-02
4.2889333523633e+33 2.0094429768731e+12 2.7466762366958e-02
4.2955431432988e+33 2.0141194790921e+12 2.7243303027429e-02
4.3021565307975e+33 2.0188921944231e+12 2.6977854066385e-02
4.3087683648088e+33 2.0236905394219e+12 2.6706918790454e-02
4.3153800134751e+33 2.0285132068328e+12 2.6446729369194e-02
4.3219955584994e+33 2.0333628049499e+12 2.6175224458049e-02
4.3286169936790e+33 2.0382464734473e+12 2.5868925427190e-02
4.3352423394849e+33 2.0431714977110e+12 2.5528842150630e-02
4.3418632151120e+33 2.0481375544996e+12 2.5195774406978e-02
4.3484533235910e+33 2.0531182958088e+12 2.4999208055442e-02
4.3550316811416e+33 2.0580819296805e+12 2.4963979028647e-02
4.3618546235184e+33 2.0631279465282e+12 2.4810474849351e-02
4.3684705942142e+33 2.0682086389090e+12 2.4517999083367e-02
4.3750809441631e+33 2.0732398499269e+12 2.4270688310923e-02
4.3818829212856e+33 2.0783630771034e+12 2.4078887063582e-02
4.3884764767350e+33 2.0834886571949e+12 2.3949089105712e-02
4.3952730873007e+33 2.0886127282581e+12 2.3838150905219e-02
4.4018734757789e+33 2.0937406697843e+12 2.3703351120508e-02
4.4086812208994e+33 2.0988811293045e+12 2.3530876918304e-02
4.4152957951986e+33 2.1040445919704e+12 2.3310049359161e-02
4.4221208743880e+33 2.1092450199031e+12 2.3033689260601e-02
4.4289518560665e+33 2.1145716177109e+12 2.2710108670821e-02
4.4355808369027e+33 2.1198714122075e+12 2.2374461089488e-02
4.4423982088404e+33 2.1252136780499e+12 2.2087952958642e-02
4.4492019753646e+33 2.1306569385375e+12 2.1889739344191e-02
4.4560185309267e+33 2.1361207141102e+12 2.1696648026739e-02
4.4628397672630e+33 2.1416189034647e+12 2.1450878143124e-02
4.4696415156618e+33 2.1471395687678e+12 2.1253514057891e-02
4.4764698978530e+33 2.1526885421419e+12 2.1037199207144e-02
4.4832994490616e+33 2.1582883714526e+12 2.0738638226461e-02
4.4900891170274e+33 2.1639073372850e+12 2.0560412375274e-02
4.4968924427545e+33 2.1695240126417e+12 2.0462238241948e-02
4.5038946304056e+33 2.1752312032912e+12 2.0328048591686e-02
4.5106950712360e+33 2.1809435059550e+12 2.0203184927311e-02
4.5175055144696e+33 2.1865854854024e+12 2.0053451669889e-02
4.5245288661777e+33 2.1923419629352e+12 1.9842157211062e-02
4.5313382713713e+33 2.1981278594468e+12 1.9635985047420e-02
4.5383856109211e+33 2.2039640911941e+12 1.9367798322416e-02
4.5454236904470e+33 2.2099579538002e+12 1.9028352633419e-02
4.5522292596969e+33 2.2159040996034e+12 1.8803369972832e-02
4.5592538667812e+33 2.2218780331726e+12 1.8617016680427e-02
4.5662774374612e+33 2.2279808205243e+12 1.8388010638763e-02
4.5733001642350e+33 2.2341239820356e+12 1.8167362748264e-02
4.5803146813194e+33 2.2402995251145e+12 1.7972816312588e-02
4.5873293419860e+33 2.2465004995617e+12 1.7800195451719e-02
4.5943058625592e+33 2.2526936056968e+12 1.7724377682143e-02
4.6013081380136e+33 2.2588680926174e+12 1.7680684954417e-02
4.6083529009206e+33 2.2650841263627e+12 1.7467330609257e-02
4.6153805376501e+33 2.2713641192424e+12 1.7193922082924e-02
4.6225860607243e+33 2.2777628585666e+12 1.7021364713681e-02
4.6295771725247e+33 2.2841570005804e+12 1.6938204309264e-02
4.6368153588193e+33 2.2905757853205e+12 1.6780396008603e-02
4.6438179992281e+33 2.2970289012779e+12 1.6595515776797e-02
4.6509894436210e+33 2.3034573589892e+12 1.6565106861573e-02
4.6581471135152e+33 2.3099116206352e+12 1.6639302856575e-02
4.6652898527956e+33 2.3162763180109e+12 1.6779607995527e-02
4.6724193892703e+33 2.3225291559541e+12 1.6986655663560e-02
4.6795217980682e+33 2.3286389442119e+12 1.7291720650551e-02
4.6866112567466e+33 2.3345768722535e+12 1.7699830060716e-02
4.6937120667682e+33 2.3403479409901e+12 1.8118382575558e-02
4.7008591390706e+33 2.3460040689080e+12 1.8393277184123e-02
4.7081655720793e+33 2.3516314903052e+12 1.8652649081848e-02
4.7152437866783e+33 2.3571039659520e+12 1.9098335870416e-02
4.7225463772736e+33 2.3624198086174e+12 1.9560053003229e-02
4.7297568794118e+33 2.3676842906176e+12 1.9662265402971e-02
4.7371195283965e+33 2.3729410771186e+12 1.9603105753313e-02
4.7445436734077e+33 2.3782716928056e+12 1.9511552175449e-02
4.7519798514851e+33 2.3836564547069e+12 1.9228962058460e-02
4.7593982917385e+33 2.3890912720431e+12 1.8965696008353e-02
4.7669755346911e+33 2.3946066672400e+12 1.8853961539542e-02
4.7743551149430e+33 2.4001006556044e+12 1.8841585004926e-02
4.7819633858535e+33 2.4055955350179e+12 1.8752612792373e-02
4.7896025302229e+33 2.4112081242669e+12 1.8519234279370e-02
4.7971470699914e+33 2.4168178439368e+12 1.8442208674992e-02
4.8048597449310e+33 2.4224784454972e+12 1.8195955685018e-02
4.8128375301581e+33 2.4284396488397e+12 1.7434399194373e-02
4.8206123718403e+33 2.4346755039894e+12 1.6575235768307e-02
4.8286878023400e+33 2.4412836494247e+12 1.5583419921582e-02
4.8370998014039e+33 2.4486521927533e+12 1.4280576097481e-02
4.8453731251185e+33 2.4567276306150e+12 1.3090450160498e-02
4.8538161782237e+33 2.4655062573097e+12 1.1982445479151e-02
4.8623148593571e+33 2.4751662853475e+12 1.0934316859344e-02
4.8710581487432e+33 2.4858944530298e+12 9.9106003920591e-03
4.8797891694518e+33 2.4978010975205e+12 8.9427939149145e-03
4.8889140526737e+33 2.5109622771890e+12 8.3037023167221e-03
4.9058578717966e+33 2.5323823598525e+12 7.2574037489287e-03
4.9199029060013e+33 2.5612067760998e+12 5.9410892380547e-03
4.9327788248074e+33 2.5913538702259e+12 4.8261830535181e-03
4.9442407787037e+33 2.6242897577260e+12 3.8661984669000e-03
4.9570048996119e+33 2.6644374678605e+12 3.1076207634201e-03
4.9686494040813e+33 2.7129619190165e+12 2.4680912263166e-03
4.9785645626093e+33 2.7637093702399e+12 2.0460950402470e-03
4.9862259354239e+33 2.8104322180121e+12 1.7967033381074e-03
4.9936682531997e+33 2.8553725998740e+12 1.5481006109827e-03
4.9990166704884e+33 2.8979704538216e+12 1.3240520773923e-03
5.0040982057256e+33 2.9376477386368e+12 1.1406529494356e-03
5.0089120457597e+33 2.9803682892260e+12 9.7213496922932e-04
5.0148802327195e+33 3.0341695815349e+12 8.1571525765975e-04
5.0205513297922e+33 3.1009694188178e+12 6.6699992361115e-04
5.0256371198787e+33 3.1723048772510e+12 5.5611966538296e-04
5.0295186167760e+33 3.2368281339323e+12 5.1962887153493e-04
5.0332656653317e+33 3.2914254434664e+12 5.2465192769793e-04
5.0368836833115e+33 3.3419966315183e+12 5.2950764614559e-04
5.0410464244407e+33 3.3937642227351e+12 5.2431871008939e-04
5.0452317443281e+33 3.4498420720871e+12 4.8835568519316e-04
5.0483004462572e+33 3.5011938281522e+12 4.3877471753284e-04
5.0512636227494e+33 3.5474761931797e+12 3.9727713116695e-04
5.0541268960763e+33 3.5957159112821e+12 3.5734742403274e-04
5.0563586114331e+33 3.6411505292488e+12 3.2235795573285e-04
5.0585835648905e+33 3.6841776356659e+12 2.9312884909963e-04
5.0607777964961e+33 3.7297139570237e+12 2.6951988955115e-04
5.0636009854106e+33 3.7847035841764e+12 2.4735309726057e-04
5.0657059926251e+33 3.8415592679363e+12 2.2564138682698e-04
5.0676598845042e+33 3.8914369972840e+12 2.0762845103368e-04
5.0694736529229e+33 3.9405075056415e+12 1.9090842510156e-04
5.0715722652964e+33 3.9949765897430e+12 1.7367590559277e-04
5.0735575050923e+33 4.0559137421940e+12 1.5583124966506e-04
5.0754366549289e+33 4.1184391243038e+12 1.3900089931540e-04
5.0769561091813e+33 4.1780420420640e+12 1.2417671837055e-04
5.0783535130345e+33 4.2332634415367e+12 1.1351956377520e-04
5.0796361497830e+33 4.2863375563716e+12 1.0790061144463e-04
5.0810249152565e+33 4.3401419606024e+12 1.0453657609929e-04
5.0823139654611e+33 4.3944562317899e+12 1.0116610736559e-04
5.0835105893925e+33 4.4452871221400e+12 9.8032417973833e-05
5.0844810773205e+33 4.4899652986048e+12 9.5292443964209e-05
5.0854314157882e+33 4.5299100950370e+12 9.2857461414905e-05
5.0863620201259e+33 4.5693563189842e+12 9.0472738675190e-05
5.0874622973303e+33 4.6123681325367e+12 8.7903853544823e-05
5.0885394022143e+33 4.6589641501159e+12 8.5155148920544e-05
5.0895938397921e+33 4.7051310672049e+12 8.2464264566387e-05
5.0904108454188e+33 4.7461294541524e+12 8.0096094460531e-05
5.0912196229072e+33 4.7821795028247e+12 7.8032644418628e-05
5.0920202695158e+33 4.8182696701903e+12 7.5990309879328e-05
5.0926756687548e+33 4.8512724025112e+12 7.4139867157545e-05
5.0933864741643e+33 4.8826029750983e+12 7.2401893266568e-05
5.0941575384322e+33 4.9169827341487e+12 7.0520356395303e-05
5.0952687726911e+33 4.9613355130401e+12 6.8146797816464e-05
5.0963467315270e+33 5.0137833709898e+12 6.5397654023103e-05
5.0978602166863e+33 5.0773580557576e+12 6.2315301327851e-05
5.0990175219498e+33 5.1437818668193e+12 6.0139675751692e-05
5.1002020838801e+33 5.2021209361515e+12 5.9237662937512e-05
5.1011402755502e+33 5.2546637422156e+12 5.8418726915659e-05
5.1020804285353e+33 5.3008810165670e+12 5.7692452634985e-05
5.1030225524705e+33 5.3469727238928e+12 5.6964650658463e-05
5.1042170445329e+33 5.3990318741025e+12 5.6140335495695e-05
5.1054030696097e+33 5.4567724682201e+12 5.5223465093342e-05
5.1063201879705e+33 5.5075796190977e+12 5.4411847499102e-05
5.1072338065023e+33 5.5516507211070e+12 5.3703627973816e-05
5.1081439607076e+33 5.5954373969625e+12 5.2998065855477e-05
5.1093119582986e+33 5.6452004285958e+12 5.2195926591177e-05
5.1104868182491e+33 5.7011773183439e+12 5.1293302406281e-05
5.1116686214531e+33 5.7573702145798e+12 5.0385491222577e-05
5.1126170184335e+33 5.8080940033335e+12 4.9563641613743e-05
5.1135796315417e+33 5.8535576132821e+12 4.8824957399280e-05
5.1145566855705e+33 5.8996844471980e+12 4.8075405405857e-05
5.1158113962272e+33 5.9527557342302e+12 4.7215303424958e-05
5.1170329683475e+33 6.0116652272837e+12 4.6262671052763e-05
5.1184906119400e+33 6.0754720920769e+12 4.5233989104072e-05
5.1195264566906e+33 6.1348419220380e+12 4.4454586467558e-05
5.1204972361560e+33 6.1824239408262e+12 4.4036188929293e-05
5.1214073075627e+33 6.2267663847531e+12 4.3653071091604e-05
5.1225251447216e+33 6.2742891596797e+12 4.3240394658465e-05
5.1235903214408e+33 6.3251707856698e+12 4.2796489854265e-05
5.1246053779658e+33 6.3733885043376e+12 4.2373201469063e-05
5.1259212890681e+33 6.4271044312477e+12 4.1899688339427e-05
5.1272532197557e+33 6.4877949614042e+12 4.1362673967219e-05
5.1286013507959e+33 6.5488745132550e+12 4.0819197212426e-05
5.1301989733233e+33 6.6156237155233e+12 4.0222831180950e-05
5.1326016027282e+33 6.7056654607105e+12 3.9418624163988e-05
5.1354358321239e+33 6.8227295336393e+12 3.8372608656986e-05
5.1380501331840e+33 6.9437213101088e+12 3.7285459831547e-05
5.1410026067934e+33 7.0664723349747e+12 3.6253239541558e-05
5.1436870551800e+33 7.1897350649710e+12 3.5397642491236e-05
5.1476703755366e+33 7.3334146182575e+12 3.4545100775116e-05
5.1525970369854e+33 7.5223821689031e+12 3.3416644509831e-05
5.1576564677375e+33 7.7307819299423e+12 3.2157132153711e-05
5.1631475828019e+33 7.9476316406591e+12 3.0851178738038e-05
5.1702021003611e+33 8.2009463681538e+12 2.9553408994215e-05
5.1775021342199e+33 8.4848396689122e+12 2.8272704732511e-05
5.1835502051051e+33 8.7437684722950e+12 2.7076837595082e-05
5.1925296363430e+33 9.0288990929211e+12 2.5946786252476e-05
5.2033688674105e+33 9.3951897582743e+12 2.4747766056487e-05
5.2139493571769e+33 9.7793193228384e+12 2.3571284338528e-05
5.2244547518600e+33 1.0146411624407e+13 2.2508912321185e-05
5.2376709416838e+33 1.0547341473387e+13 2.1427757107160e-05
5.2510282221698e+33 1.0984139437356e+13 2.0369104804238e-05
5.2665799877723e+33 1.1443974091842e+13 1.9392633922385e-05
5.2777182933108e+33 1.1857316983724e+13 1.8569249556272e-05
5.2901353616753e+33 1.2211958493986e+13 1.7915677883412e-05
5.3023817069750e+33 1.2575066731072e+13 1.7289984373324e-05
5.3162644846007e+33 1.2950498357624e+13 1.6698084281572e-05
5.3275703833977e+33 1.3304710476092e+13 1.6187205636024e-05
5.3381846609505e+33 1.3606301905187e+13 1.5775056954179e-05
5.3483778036653e+33 1.3887483326642e+13 1.5396824272894e-05
5.3601336660871e+33 1.4179040407561e+13 1.5011578530251e-05
5.3699476154585e+33 1.4461296095149e+13 1.4670159071323e-05
5.3813245008371e+33 1.4733640118177e+13 1.4373912388202e-05
5.3940994614821e+33 1.5038694469516e+13 1.4047615070617e-05
5.4044848942833e+33 1.5326651789167e+13 1.3745656517036e-05
5.4123851325891e+33 1.5550818463571e+13 1.3512531815250e-05
5.4260698840404e+33 1.5811242274596e+13 1.3261710153044e-05
5.4412121107279e+33 1.6153747566312e+13 1.2950666422222e-05
5.4518832612681e+33 1.6455586983624e+13 1.2689587184545e-05
5.4643473600931e+33 1.6721379503799e+13 1.2470303862010e-05
5.4779320457186e+33 1.7016208141962e+13 1.2232636131824e-05
5.4917512516621e+33 1.7321593843274e+13 1.1994204567709e-05
5.5065706087331e+33 1.7635565809167e+13 1.1761766433746e-05
5.5168914254388e+33 1.7907441118692e+13 1.1568953503712e-05
5.5281003908182e+33 1.8136937704907e+13 1.1411696141950e-05
5.5377139196734e+33 1.8356515810746e+13 1.1264741654045e-05
5.5477196215965e+33 1.8561117105566e+13 1.1129408985890e-05
5.5588615305795e+33 1.8779346742639e+13 1.0988255194418e-05
5.5672813186175e+33 1.8979388828995e+13 1.0859375143773e-05
5.5782941728424e+33 1.9175963274548e+13 1.0741970358438e-05
5.5903129677254e+33 1.9406550379834e+13 1.0611765144726e-05
5.6012394523760e+33 1.9633769458999e+13 1.0484845305372e-05
5.6116117673621e+33 1.9842407771433e+13 1.0370565136133e-05
5.6211431132021e+33 2.0035515624728e+13 1.0265125009372e-05
5.6326292261446e+33 2.0237401107709e+13 1.0158079944468e-05
5.6431754497181e+33 2.0447130987738e+13 1.0048921014098e-05
5.6561232945148e+33 2.0668352212162e+13 9.9385967922445e-06
5.6698338252990e+33 2.0916657106104e+13 9.8209202283563e-06
5.6847542518895e+33 2.1180090854555e+13 9.6969606913523e-06
5.6967741331105e+33 2.1425306643561e+13 9.5807318608764e-06
5.7081927354873e+33 2.1636399672374e+13 9.4823181173266e-06
5.7211588428437e+33 2.1853857557502e+13 9.3843067186339e-06
5.7334026456768e+33 2.2076602362824e+13 9.2864489745448e-06
5.7449005524639e+33 2.2284390280095e+13 9.1984917575505e-06
5.7583860612855e+33 2.2500888718201e+13 9.1089775639949e-06
5.7709850518646e+33 2.2724878183249e+13 9.0178966236149e-06
5.7835533205379e+33 2.2938917710635e+13 8.9321829467470e-06
5.7967963002394e+33 2.3156378741515e+13 8.8476398889982e-06
5.8072158422601e+33 2.3354090892019e+13 8.7724751097742e-06
5.8162705363626e+33 2.3515529652959e+13 8.7111428243922e-06
5.8267508902074e+33 2.3676313053899e+13 8.6505672673315e-06
5.8372678751898e+33 2.3848001645238e+13 8.5858909898531e-06
5.8496545965918e+33 2.4033865935518e+13 8.5179701959583e-06
5.8604104110116e+33 2.4220355177095e+13 8.4513239384242e-06
5.8718510058953e+33 2.4397832956533e+13 8.3890857109763e-06
5.8820428533584e+33 2.4569627454056e+13 8.3306098082846e-06
5.8918316170640e+33 2.4727222135390e+13 8.2772729072570e-06
5.9029910668897e+33 2.4891332667984e+13 8.2228106842221e-06
5.9131625160007e+33 2.5057394600512e+13 8.1685687292956e-06
5.9243461179758e+33 2.5222494988849e+13 8.1151696558290e-06
5.9347664546310e+33 2.5388463598117e+13 8.0629038982263e-06
5.9472065359291e+33 2.5562820815385e+13 8.0087027996945e-06
5.9601734487735e+33 2.5755242899980e+13 7.9495012558005e-06
5.9741093715230e+33 2.5957415692799e+13 7.8878083711291e-06
5.9851144616991e+33 2.6143544224248e+13 7.8322101674671e-06
5.9991870861415e+33 2.6329180973559e+13 7.7785020082825e-06
6.0139411007913e+33 2.6541000665586e+13 7.7177195072263e-06
6.0266228026276e+33 2.6741090986470e+13 7.6607384103897e-06
6.0395805653961e+33 2.6926657481182e+13 7.6087675285073e-06
6.0502219012985e+33 2.7096370555356e+13 7.5623228939710e-06
6.0602078355040e+33 2.7243791952348e+13 7.5222500528092e-06
6.0715246419873e+33 2.7395147606492e+13 7.4818743427634e-06
6.0854969834012e+33 2.7573685496284e+13 7.4349278876317e-06
6.0998256635988e+33 2.7772151572956e+13 7.3829259201586e-06
6.1120315221682e+33 2.7956987210204e+13 7.3346285456503e-06
6.1238146249675e+33 2.8122991471102e+13 7.2924032008392e-06
6.1358064942729e+33 2.8286502218379e+13 7.2526008038921e-06
6.1443161687828e+33 2.8426769181547e+13 7.2187283320126e-06
6.1566978597784e+33 2.8568834452687e+13 7.1839641288848e-06
6.1704505347662e+33 2.8745599201052e+13 7.1403589948781e-06
6.1821029374426e+33 2.8916452078064e+13 7.0987327228379e-06
6.1921590968847e+33 2.9061627426012e+13 7.0639898356680e-06
6.2034013516892e+33 2.9203298433075e+13 7.0304006926324e-06
6.2141890240807e+33 2.9349120752666e+13 6.9970025076129e-06
6.2253424243643e+33 2.9493587263607e+13 6.9647847118844e-06
6.2401546110405e+33 2.9663531025987e+13 6.9267671091357e-06
6.2539592268580e+33 2.9849762319702e+13 6.8849303376591e-06
6.2629928582738e+33 2.9997594760068e+13 6.8519380498146e-06
6.2720015924233e+33 3.0113790613711e+13 6.8267173259351e-06
6.2849956903698e+33 3.0254796824504e+13 6.7964890503395e-06
6.2998055417782e+33 3.0432039725332e+13 6.7590731878574e-06
6.3131372752121e+33 3.0610397262658e+13 6.7218607179656e-06
6.3260388512350e+33 3.0775659134324e+13 6.6877617586273e-06
6.3402471579379e+33 3.0945430931636e+13 6.6532715564580e-06
6.3524775499082e+33 3.1110115038287e+13 6.6198480567411e-06
6.3648411111823e+33 3.1262459502525e+13 6.5889341062934e-06
6.3777850526184e+33 3.1418412117018e+13 6.5577208394521e-06
6.3872845907017e+33 3.1556093294475e+13 6.5309200441690e-06
6.3963720209521e+33 3.1669596406123e+13 6.5092933344717e-06
6.4099733184486e+33 3.1807484153333e+13 6.4834406702732e-06
6.4251137713796e+33 3.1981285629561e+13 6.4513036965392e-06
6.4376412099257e+33 3.2147704082190e+13 6.4203710929738e-06
6.4483494309715e+33 3.2286746312081e+13 6.3941591599698e-06
6.4586374676463e+33 3.2411834092322e+13 6.3704581086188e-06
6.4685211346689e+33 3.2531534289040e+13 6.3483864209901e-06
6.4791928729154e+33 3.2653013919398e+13 6.3267392826389e-06
6.4890533199773e+33 3.2773889570073e+13 6.3052098278211e-06
6.4981647601577e+33 3.2885157118670e+13 6.2850810311563e-06
6.5090147534524e+33 3.3001776599451e+13 6.2637904969509e-06
6.5188887590178e+33 3.3122429952341e+13 6.2418062947934e-06
6.5278733925974e+33 3.3231821598719e+13 6.2227548586444e-06
6.5387837838274e+33 3.3346767552472e+13 6.2038553008841e-06
6.5495798782755e+33 3.3471702241669e+13 6.1832788612276e-06
6.5602628613905e+33 3.3594822894447e+13 6.1628352044050e-06
6.5695675185054e+33 3.3708966687867e+13 6.1437486847900e-06
6.5786459036083e+33 3.3813568439422e+13 6.1261707371425e-06
6.5926344547096e+33 3.3944272394506e+13 6.1043059948345e-06
6.6068915400164e+33 3.4103659098821e+13 6.0775438338974e-06
6.6165003029564e+33 3.4237776169225e+13 6.0550134004544e-06
6.6296520545054e+33 3.4365072252629e+13 6.0342664308412e-06
6.6409936604326e+33 3.4501558056636e+13 6.0123461761252e-06
6.6520050203749e+33 3.4625592020235e+13 5.9926543622530e-06
6.6626963093226e+33 3.4745556460320e+13 5.9738365162859e-06
6.6743822591427e+33 3.4868765194838e+13 5.9545861273389e-06
6.6851932316239e+33 3.4992178401815e+13 5.9352868883341e-06
6.6951950531198e+33 3.5105936320632e+13 5.9174171733008e-06
6.7069497704316e+33 3.5224401297480e+13 5.8994391004156e-06
6.7178638557036e+33 3.5347395074431e+13 5.8811372858168e-06
6.7279968205782e+33 3.5461167673680e+13 5.8641171134284e-06
6.7409768870392e+33 3.5585606388716e+13 5.8459787240060e-06
6.7529019513541e+33 3.5719197075725e+13 5.8265808963712e-06
6.7638580036133e+33 3.5841448461384e+13 5.8082764173460e-06
6.7753255667689e+33 3.5960809971562e+13 5.7901686702974e-06
6.7858656581257e+33 3.6077562624624e+13 5.7726253606608e-06
6.7955533851222e+33 3.6184515285924e+13 5.7570675746304e-06
6.8071122238453e+33 3.6296454975102e+13 5.7414609387424e-06
6.8182164401621e+33 3.6415455775620e+13 5.7248959574846e-06
6.8288832091927e+33 3.6529366788043e+13 5.7088980785614e-06
6.8423142118755e+33 3.6654963132302e+13 5.6915221903905e-06
6.8545944707771e+33 3.6788482517480e+13 5.6733647039639e-06
6.8676729680203e+33 3.6919619538003e+13 5.6557814253847e-06
6.8794597542546e+33 3.7047721979533e+13 5.6383162745560e-06
6.8916678043179e+33 3.7170866753551e+13 5.6210749454025e-06
6.9043113168753e+33 3.7297945785146e+13 5.6034801209156e-06
6.9193605584228e+33 3.7438966684411e+13 5.5853297398863e-06
6.9502083037227e+33 3.7671089970710e+13 5.5571091867590e-06
6.9933623378451e+33 3.8041965038834e+13 5.5123152130432e-06
7.0344152153377e+33 3.8459445120827e+13 5.4603447525594e-06
7.0764344320098e+33 3.8866298934457e+13 5.4091527820696e-06
7.1105841776198e+33 3.9235452244776e+13 5.3642557777871e-06
7.1397108662075e+33 3.9539130367850e+13 5.3279123813930e-06
7.1699114098425e+33 3.9821386082159e+13 5.2946771682047e-06
7.2044114676556e+33 4.0126595128145e+13 5.2596846930524e-06
7.2349327064888e+33 4.0430864650788e+13 5.2250927854059e-06
7.2681824573827e+33 4.0726651193655e+13 5.1925552362508e-06
7.2963704561794e+33 4.1009464753660e+13 5.1613881466157e-06
7.3271033714863e+33 4.1278518898700e+13 5.1317136432119e-06
7.3554162455607e+33 4.1546253935638e+13 5.1032559437536e-06
7.3940234990515e+33 4.1847061064121e+13 5.0728842196913e-06
7.4237890895376e+33 4.2152200909850e+13 5.0411708996625e-06
7.4544485703295e+33 4.2419657027697e+13 5.0130320578298e-06
7.4860450563751e+33 4.2693217956394e+13 4.9862676720006e-06
7.5295798807111e+33 4.3020400971937e+13 4.9557827053064e-06
7.5653998170252e+33 4.3363218258409e+13 4.9230160052812e-06
7.5996362880412e+33 4.3663209599344e+13 4.8929538128007e-06
7.6323676435527e+33 4.3947830911955e+13 4.8653594254571e-06
7.6687229999057e+33 4.4239194569788e+13 4.8379879717130e-06
7.7021254263999e+33 4.4531277551446e+13 4.8108883001559e-06
7.7328136424608e+33 4.4797727041271e+13 4.7856058437196e-06
7.7683554896008e+33 4.5071084551252e+13 4.7610503623476e-06
7.8024446514108e+33 4.5356525853219e+13 4.7356817529140e-06
7.8351327400030e+33 4.5628365025852e+13 4.7106870680032e-06
7.8807923310753e+33 4.5944682702143e+13 4.6849511982080e-06
7.9275765430389e+33 4.6314792335575e+13 4.6553712896205e-06
7.9754895745289e+33 4.6690341982727e+13 4.6234794540418e-06
8.0110862434111e+33 4.7019034935296e+13 4.5908013889624e-06
8.0468915683659e+33 4.7298239266816e+13 4.5599971417780e-06
8.0829263563646e+33 4.7577653313536e+13 4.5320048673927e-06
8.1320870071267e+33 4.7906730016768e+13 4.5018876261971e-06
8.1690068238876e+33 4.8237291503616e+13 4.4697027056980e-06
8.2069148695076e+33 4.8522818748416e+13 4.4400326623244e-06
8.2458581052646e+33 4.8814469677056e+13 4.4125297742345e-06
8.3006197904747e+33 4.9167516827648e+13 4.3821740571400e-06
8.3421168688824e+33 4.9527962730496e+13 4.3490552170586e-06
8.3830353201491e+33 4.9834534895616e+13 4.3184974393791e-06
8.4234039386746e+33 5.0135262298112e+13 4.2909603564210e-06
8.4752726848156e+33 5.0474241753088e+13 4.2622753028874e-06
8.5241485465322e+33 5.0842111574016e+13 4.2309834457646e-06
8.5777945623842e+33 5.1213749977088e+13 4.1986764007361e-06
8.6269363352066e+33 5.1583930859520e+13 4.1666846590380e-06
8.6719417927682e+33 5.1920869785600e+13 4.1365674178426e-06
8.7294715558147e+33 5.2285327540224e+13 4.1070279366929e-06
8.7827761589512e+33 5.2676742086656e+13 4.0755993000972e-06
8.8321406571009e+33 5.3036915359744e+13 4.0447537526178e-06
8.8891382446903e+33 5.3407570198528e+13 4.0151028050797e-06
8.9444101736480e+33 5.3796298293248e+13 3.9846702605539e-06
8.9979926375537e+33 5.4170728005632e+13 3.9544677542324e-06
9.0652393798891e+33 5.4583334273024e+13 3.9236914846679e-06
9.1163045553079e+33 5.4984878063616e+13 3.8922766148373e-06
9.1679900082138e+33 5.5331388391424e+13 3.8637580947527e-06
9.2203323985084e+33 5.5680287375360e+13 3.8375053177537e-06
9.2910506599837e+33 5.6090129596416e+13 3.8091777560241e-06
9.3683171154220e+33 5.6579250454528e+13 3.7760677977267e-06
9.4527105097223e+33 5.7108930232320e+13 3.7391178001386e-06
9.5283901400612e+33 5.7629221060608e+13 3.7016311207553e-06
9.6086055067318e+33 5.8131814023168e+13 3.6656434644581e-06
9.6936638164570e+33 5.8660420059136e+13 3.6298696371095e-06
9.7604044838297e+33 5.9142532235264e+13 3.5953159448311e-06
9.8338830153625e+33 5.9584737705984e+13 3.5641104630571e-06
9.9148445775425e+33 6.0068464689152e+13 3.5332118469186e-06
9.9850061413976e+33 6.0538667139072e+13 3.5017974211772e-06
1.0061559601290e+34 6.0992033652736e+13 3.4717510122087e-06
1.0145131577090e+34 6.1483484446720e+13 3.4413739788326e-06
1.0220056997398e+34 6.1966735376384e+13 3.4104398355583e-06
1.0299442405849e+34 6.2434075213824e+13 3.3806341229348e-06
1.0383584161746e+34 6.2926085947392e+13 3.3509030172965e-06
1.0449615645054e+34 6.3375308488704e+13 3.3220878456280e-06
1.0522287657534e+34 6.3787822481408e+13 3.2959820621534e-06
1.0602325435354e+34 6.4239421095936e+13 3.2700590213836e-06
1.0671681702410e+34 6.4678782828544e+13 3.2436279425719e-06
1.0747328885827e+34 6.5102816477184e+13 3.2182773327777e-06
1.0829876723683e+34 6.5562814185472e+13 3.1925803334094e-06
1.0903869840088e+34 6.6015503319040e+13 3.1663415452201e-06
1.0982240778353e+34 6.6453663383552e+13 3.1409944881396e-06
1.1065277930928e+34 6.6915296870400e+13 3.1156480971925e-06
1.1130443700608e+34 6.7337122217984e+13 3.0910215748349e-06
1.1202138168079e+34 6.7724795445248e+13 3.0686599073844e-06
1.1281068188061e+34 6.8149437267968e+13 3.0464097063225e-06
1.1349457454940e+34 6.8562844647424e+13 3.0236756700797e-06
1.1424022253847e+34 6.8962104639488e+13 3.0018267036078e-06
1.1505359024621e+34 6.9395462225920e+13 2.9796362325430e-06
1.1578252003955e+34 6.9822194909184e+13 2.9569337266332e-06
1.1655433634706e+34 7.0235497431040e+13 2.9349606372306e-06
1.1737181878260e+34 7.0671178661888e+13 2.9129480238891e-06
1.1801334951018e+34 7.1069528489984e+13 2.8915216082886e-06
1.1871892615949e+34 7.1435854807040e+13 2.8720327538565e-06
1.1949542978232e+34 7.1837279059968e+13 2.8526125112054e-06
1.2016813459052e+34 7.2228272078848e+13 2.8327395196175e-06
1.2090136007324e+34 7.2606082400256e+13 2.8136117097028e-06
1.2170087971312e+34 7.3016323080192e+13 2.7941581603615e-06
1.2241726090059e+34 7.3420473630720e+13 2.7742274371772e-06
1.2317554952902e+34 7.3812091600896e+13 2.7549104452634e-06
1.2397845151171e+34 7.4225079549952e+13 2.7355343894855e-06
1.2460851302857e+34 7.4602856316928e+13 2.7166503845373e-06
1.2530127465805e+34 7.4950429900800e+13 2.6994550287616e-06
1.2606338532569e+34 7.5331411116032e+13 2.6823040819026e-06
1.2672353943755e+34 7.5702623797248e+13 2.6647370234621e-06
1.2744286600201e+34 7.6061463281664e+13 2.6478134502642e-06
1.2822696412657e+34 7.6451214786560e+13 2.6305885625356e-06
1.2892937775566e+34 7.6835303981056e+13 2.6129264689790e-06
1.2967268843844e+34 7.7207615569920e+13 2.5957950619956e-06
1.3045947893885e+34 7.7600357613568e+13 2.5785994840889e-06
1.3107685818625e+34 7.7959733968896e+13 2.5618275672426e-06
1.3175546784475e+34 7.8290488393728e+13 2.5465446814339e-06
1.3250177713519e+34 7.8653102751744e+13 2.5312928817695e-06
1.3314817400554e+34 7.9006519001088e+13 2.5156600534596e-06
1.3385226574305e+34 7.9348245725184e+13 2.5005898860104e-06
1.3461953608084e+34 7.9719475183616e+13 2.4852423845432e-06
1.3530674801686e+34 8.0085403041792e+13 2.4694949803684e-06
1.3603375481692e+34 8.0440195022848e+13 2.4542109827579e-06
1.3680308381388e+34 8.0814528266240e+13 2.4388608148990e-06
1.3740671553098e+34 8.1157148377088e+13 2.4238796842770e-06
1.3807002298049e+34 8.1472555843584e+13 2.4102208281820e-06
1.3879928520102e+34 8.1818384596992e+13 2.3965837299111e-06
1.3943082030231e+34 8.2155501780992e+13 2.3825991290745e-06
1.4011856808046e+34 8.2481537613824e+13 2.3691116825186e-06
1.4086777420443e+34 8.2835763363840e+13 2.3553704316550e-06
1.4153867215495e+34 8.3184976920576e+13 2.3412652411494e-06
1.4224824777957e+34 8.3523620831232e+13 2.3275699339768e-06
1.4299892600848e+34 8.3880962949120e+13 2.3138111017772e-06
1.4358787858462e+34 8.4208089300992e+13 2.3003782135210e-06
1.4423489447650e+34 8.4509286465536e+13 2.2881274703531e-06
1.4494603698688e+34 8.4839554351104e+13 2.2758942188162e-06
1.4556178814098e+34 8.5161538486272e+13 2.2633465006363e-06
1.4623216767046e+34 8.5472973946880e+13 2.2512428070477e-06
1.4696224510480e+34 8.5811353616384e+13 2.2389102752841e-06
1.4761591567373e+34 8.6144981139456e+13 2.2262496365783e-06
1.4830709450384e+34 8.6468546527232e+13 2.2139558541566e-06
1.4903808858706e+34 8.6809988038656e+13 2.2016048928179e-06
1.4961156401306e+34 8.7122589515776e+13 2.1895458707591e-06
1.5024143602331e+34 8.7410448793600e+13 2.1785485804359e-06
1.5093352774580e+34 8.7726091141120e+13 2.1675682815819e-06
1.5153270435628e+34 8.8033831419904e+13 2.1563067821114e-06
1.5218488701101e+34 8.8331509563392e+13 2.1454455902431e-06
1.5289494903783e+34 8.8654940733440e+13 2.1343817683657e-06
1.5353056708199e+34 8.8973833666560e+13 2.1230259333361e-06
1.5420249911545e+34 8.9283113254912e+13 2.1120022676314e-06
1.5491297179401e+34 8.9609480437760e+13 2.1009297267377e-06
1.5547030929312e+34 8.9908299431936e+13 2.0901209237016e-06
1.5608226315563e+34 9.0183466745856e+13 2.0802649413907e-06
1.5675451606742e+34 9.0485171421184e+13 2.0704219211109e-06
1.5733642284472e+34 9.0779326349312e+13 2.0603249168272e-06
1.5796963824783e+34 9.1063855349760e+13 2.0505816869948e-06
1.5865886600942e+34 9.1372979748864e+13 2.0406440415169e-06
1.5927568627990e+34 9.1677754654720e+13 2.0304318386125e-06
1.5992755905291e+34 9.1973323063296e+13 2.0204976480281e-06
1.6061661606389e+34 9.2285198925824e+13 2.0104830515377e-06
1.6115704621485e+34 9.2570742947840e+13 2.0006783342274e-06
1.6175025667999e+34 9.2833675476992e+13 1.9916931569064e-06
1.6240164077144e+34 9.3121933213696e+13 1.9826354571238e-06
1.6296531079866e+34 9.3402959970304e+13 1.9732775354146e-06
1.6357835241854e+34 9.3674763452416e+13 1.9641462495420e-06
1.6424524818926e+34 9.3970021482496e+13 1.9546527743622e-06
1.6484171067983e+34 9.4261101985792e+13 1.9447320472659e-06
1.6547157075383e+34 9.4543357673472e+13 1.9348461506669e-06
1.6613666714123e+34 9.4841140674560e+13 1.9244968146399e-06
1.6665778704308e+34 9.5113757851648e+13 1.9140799404236e-06
1.6722906101527e+34 9.5364761780224e+13 1.9041167551242e-06
1.6785527316651e+34 9.5639895539712e+13 1.8933188457061e-06
1.6839606850738e+34 9.5908091920384e+13 1.8816098101050e-06
1.6898278087281e+34 9.6167446708224e+13 1.8693648355574e-06
1.6961888911812e+34 9.6449131970560e+13 1.8552427133435e-06
1.7018545234140e+34 9.6726782312448e+13 1.8393105442499e-06
1.7078074335257e+34 9.6995968548864e+13 1.8218222869165e-06
1.7140508139658e+34 9.7279910346752e+13 1.8010201252443e-06
1.7217562908333e+34 9.7607162527744e+13 1.7730413479143e-06
1.7274489973940e+34 9.7924449042432e+13 1.7395627823475e-06
1.7330255745781e+34 9.8195203948544e+13 1.7049614778772e-06
1.7384680532114e+34 9.8464331464704e+13 1.6648644565051e-06
1.7454564473230e+34 9.8775557210112e+13 1.6095374635792e-06
1.7504955406753e+34 9.9085071679488e+13 1.5418825477722e-06
1.7553037391327e+34 9.9349153447936e+13 1.4724674984444e-06
1.7598460678272e+34 9.9611612020736e+13 1.3922886929715e-06
1.7654081132717e+34 9.9915074109440e+13 1.2840943307979e-06
1.7691839074991e+34 1.0021682911642e+14 1.1585157335721e-06
1.7725619252062e+34 1.0047425033011e+14 1.0377025486514e-06
1.7755122689138e+34 1.0073004834816e+14 9.0745228082766e-07
1.7787403693931e+34 1.0102576355738e+14 7.4810473828787e-07
1.7806450626580e+34 1.0131978007347e+14 5.8685545020951e-07
1.7821169661508e+34 1.0157056170394e+14 4.5419457407650e-07
1.7831967985173e+34 1.0181972852736e+14 3.3373217261410e-07
1.7841232465374e+34 1.0210773460582e+14 2.1581543726081e-07
1.7846481048332e+34 1.0244771649946e+14 1.1295314985422e-07
1.7848312901477e+34 1.0274929534566e+14 5.5045040694529e-08
1.7849266353877e+34 1.0301349455462e+14 2.5760444094420e-08
1.7849537124296e+34 1.0323442112922e+14 1.2305706280547e-08
1.7849655019802e+34 1.0337729590067e+14 7.2283390390364e-09
1.7849743838923e+34 1.0351867330560e+14 4.0889567211379e-09
1.7849789246271e+34 1.0368397921485e+14 1.9852592428915e-09
1.7849807397922e+34 1.0383887486157e+14 9.5358482473351e-10
1.7849817252837e+34 1.0399183693414e+14 4.3833236831895e-10
1.7849820088547e+34 1.0412265727590e+14 2.1636347835190e-10
