1.770210000000e+31 5.829728643995e+10 2.133001495826e-02
3.540420000000e+31 7.320652264358e+10 2.176136044545e-02
5.310630000000e+31 8.449709679143e+10 2.003245555176e-02
7.080840000000e+31 9.521579806994e+10 1.625771837818e-02
8.851050000000e+31 1.081187812558e+11 1.054823404861e-02
1.062126000000e+32 1.386785998432e+11 3.011820323899e-03
1.239147000000e+32 1.495324381554e+11 6.246907705805e-03
1.416168000000e+32 1.531240274109e+11 1.712647384125e-02
1.593189000000e+32 1.551322135082e+11 2.952847789753e-02
1.770210000000e+32 1.564706714707e+11 4.335753372168e-02
1.947231000000e+32 1.574477436454e+11 5.852120809543e-02
2.124252000000e+32 1.582024992211e+11 7.492996051401e-02
2.301273000000e+32 1.588086730897e+11 9.249708383222e-02
2.478294000000e+32 1.593096665344e+11 1.111386457687e-01
2.655315000000e+32 1.597329757043e+11 1.307734312597e-01
2.832336000000e+32 1.600970011831e+11 1.513228856537e-01
3.009357000000e+32 1.604145914206e+11 1.727110587381e-01
3.186378000000e+32 1.606950284356e+11 1.948645495891e-01
3.363399000000e+32 1.609452074148e+11 2.177124522367e-01
3.540420000000e+32 1.611703713076e+11 2.411863021361e-01
3.717441000000e+32 1.613745864943e+11 2.652200234366e-01
3.894462000000e+32 1.615610610723e+11 2.897498770409e-01
4.071483000000e+32 1.617323638891e+11 3.147144094444e-01
4.248504000000e+32 1.618905789691e+11 3.400544023487e-01
4.425525000000e+32 1.620374167226e+11 3.657128230391e-01
4.602546000000e+32 1.621742955396e+11 3.916347755188e-01
4.779567000000e+32 1.623024026587e+11 4.177674523918e-01
4.956588000000e+32 1.624227402526e+11 4.440600874865e-01
5.133609000000e+32 1.625361607929e+11 4.704639092109e-01
5.310630000000e+32 1.626433945170e+11 4.969320946340e-01
5.487651000000e+32 1.627450709989e+11 5.234197242821e-01
5.664672000000e+32 1.628417362605e+11 5.498837376459e-01
5.841693000000e+32 1.629338664716e+11 5.762828893874e-01
6.018714000000e+32 1.630218790138e+11 6.025777062410e-01
6.195735000000e+32 1.631061414843e+11 6.287304446010e-01
6.372756000000e+32 1.631869790792e+11 6.547050487863e-01
6.549777000000e+32 1.632646806875e+11 6.804671099767e-01
6.726798000000e+32 1.633395039547e+11 7.059838258131e-01
6.903819000000e+32 1.634116795140e+11 7.312239606524e-01
7.080840000000e+32 1.634814145419e+11 7.561578064723e-01
7.257861000000e+32 1.635488957627e+11 7.807571444168e-01
7.434882000000e+32 1.636142919990e+11 8.049952069759e-01
7.611903000000e+32 1.636777563469e+11 8.288466407928e-01
7.788924000000e+32 1.637394280396e+11 8.522874700900e-01
7.965945000000e+32 1.637994340514e+11 8.752950607094e-01
8.142966000000e+32 1.638578904816e+11 8.978480847568e-01
8.319987000000e+32 1.639149037558e+11 9.199264858465e-01
8.497008000000e+32 1.639705716703e+11 9.415114449369e-01
8.674029000000e+32 1.640249843041e+11 9.625853467515e-01
8.851050000000e+32 1.640782248177e+11 9.831317467783e-01
9.028071000000e+32 1.641303701553e+11 1.003135338840e+00
9.205092000000e+32 1.641814916631e+11 1.022581923230e+00
9.382113000000e+32 1.642316556363e+11 1.041458375407e+00
9.559134000000e+32 1.642809238037e+11 1.059752615237e+00
9.736155000000e+32 1.643293537583e+11 1.077453576786e+00
9.913176000000e+32 1.643769993413e+11 1.094551178652e+00
1.009019700000e+33 1.644239109844e+11 1.111036294818e+00
1.026721800000e+33 1.644701360174e+11 1.126900726045e+00
1.044423900000e+33 1.645157189432e+11 1.142137171776e+00
1.062126000000e+33 1.645607016857e+11 1.156739202556e+00
1.079828100000e+33 1.646051238137e+11 1.170701232955e+00
1.097530200000e+33 1.646490227424e+11 1.184018495000e+00
1.115232300000e+33 1.646924339166e+11 1.196687012089e+00
1.132934400000e+33 1.647353909767e+11 1.208703573409e+00
1.150636500000e+33 1.647779259096e+11 1.220065708822e+00
1.168338600000e+33 1.648200691866e+11 1.230771664235e+00
1.186040700000e+33 1.648618498892e+11 1.240820377440e+00
1.203742800000e+33 1.649032958239e+11 1.250211454417e+00
1.221444900000e+33 1.649444336284e+11 1.258945146099e+00
1.239147000000e+33 1.649852888682e+11 1.267022325581e+00
1.256849100000e+33 1.650258861266e+11 1.274444465790e+00
1.274551200000e+33 1.650662490873e+11 1.281213617586e+00
1.292253300000e+33 1.651064006108e+11 1.287332388302e+00
1.309955400000e+33 1.651463628057e+11 1.292803920714e+00
1.327657500000e+33 1.651861570948e+11 1.297631872438e+00
1.345359600000e+33 1.652258042765e+11 1.301820395743e+00
1.363061700000e+33 1.652653245831e+11 1.305374117781e+00
1.380763800000e+33 1.653047377341e+11 1.308298121219e+00
1.398465900000e+33 1.653440629880e+11 1.310597925287e+00
1.416168000000e+33 1.653833191896e+11 1.312279467204e+00
1.433870100000e+33 1.654225248156e+11 1.313349084020e+00
1.451572200000e+33 1.654616980181e+11 1.313813494821e+00
1.469274300000e+33 1.655008566651e+11 1.313679783337e+00
1.486976400000e+33 1.655400183804e+11 1.312955380911e+00
1.504678500000e+33 1.655792005806e+11 1.311648049852e+00
1.522380600000e+33 1.656184205119e+11 1.309765867144e+00
1.540082700000e+33 1.656576952852e+11 1.307317208524e+00
1.557784800000e+33 1.656970419095e+11 1.304310732915e+00
1.575486900000e+33 1.657364773260e+11 1.300755367207e+00
1.593189000000e+33 1.657760184398e+11 1.296660291392e+00
1.610891100000e+33 1.658156821519e+11 1.292034924036e+00
1.628593200000e+33 1.658554853913e+11 1.286888908085e+00
1.646295300000e+33 1.658954451453e+11 1.281232097015e+00
1.663997400000e+33 1.659355784910e+11 1.275074541298e+00
1.681699500000e+33 1.659759026266e+11 1.268426475194e+00
1.699401600000e+33 1.660164349018e+11 1.261298303870e+00
1.717103700000e+33 1.660571928498e+11 1.253700590821e+00
1.734805800000e+33 1.660981942188e+11 1.245644045606e+00
1.752507900000e+33 1.661394570043e+11 1.237139511889e+00
1.770210000000e+33 1.661809994817e+11 1.228197955784e+00
1.787912100000e+33 1.662228402407e+11 1.218830454486e+00
1.805614200000e+33 1.662649982190e+11 1.209048185202e+00
1.823316300000e+33 1.663074927386e+11 1.198862414368e+00
1.841018400000e+33 1.663503435421e+11 1.188284487149e+00
1.858720500000e+33 1.663935708316e+11 1.177325817212e+00
1.876422600000e+33 1.664371953078e+11 1.165997876785e+00
1.894124700000e+33 1.664812382120e+11 1.154312186973e+00
1.911826800000e+33 1.665257213693e+11 1.142280308353e+00
1.929528900000e+33 1.665706672341e+11 1.129913831821e+00
1.947231000000e+33 1.666160989382e+11 1.117224369703e+00
1.964933100000e+33 1.666620403413e+11 1.104223547119e+00
1.982635200000e+33 1.667085160840e+11 1.090922993594e+00
2.000337300000e+33 1.667555516447e+11 1.077334334920e+00
2.018039400000e+33 1.668031733994e+11 1.063469185258e+00
2.035741500000e+33 1.668514086851e+11 1.049339139474e+00
2.053443600000e+33 1.669002858680e+11 1.034955765720e+00
2.071145700000e+33 1.669498344156e+11 1.020330598234e+00
2.088847800000e+33 1.670000849743e+11 1.005475130378e+00
2.106549900000e+33 1.670510694519e+11 9.904008078876e-01
2.124252000000e+33 1.671028211067e+11 9.751190223526e-01
2.141954100000e+33 1.671553746427e+11 9.596411049062e-01
2.159656200000e+33 1.672087663124e+11 9.439783201289e-01
2.177358300000e+33 1.672630340277e+11 9.281418601617e-01
2.195060400000e+33 1.673182174788e+11 9.121428390234e-01
2.212762500000e+33 1.673743582642e+11 8.959922871309e-01
2.230464600000e+33 1.674315000302e+11 8.797011460163e-01
2.248166700000e+33 1.674896886228e+11 8.632802632407e-01
2.265868800000e+33 1.675489722529e+11 8.467403874977e-01
2.283570900000e+33 1.676094016761e+11 8.300921639062e-01
2.301273000000e+33 1.676710303883e+11 8.133461294877e-01
2.318975100000e+33 1.677339148401e+11 7.965127088250e-01
2.336677200000e+33 1.677981146708e+11 7.796022098993e-01
2.354379300000e+33 1.678636929653e+11 7.626248201019e-01
2.372081400000e+33 1.679307165363e+11 7.455906024187e-01
2.389783500000e+33 1.679992562344e+11 7.285094917824e-01
2.407485600000e+33 1.680693872906e+11 7.113912915910e-01
2.425187700000e+33 1.681411896949e+11 6.942456703883e-01
2.442889800000e+33 1.682147486144e+11 6.770821587043e-01
2.460591900000e+33 1.682901548585e+11 6.599101460517e-01
2.478294000000e+33 1.683675053963e+11 6.427388780759e-01
2.495996100000e+33 1.684469039324e+11 6.255774538555e-01
2.513698200000e+33 1.685284615517e+11 6.084348233507e-01
2.531400300000e+33 1.686122974413e+11 5.913197849959e-01
2.549102400000e+33 1.686985397024e+11 5.742409834341e-01
2.566804500000e+33 1.687873262639e+11 5.572069073911e-01
2.584506600000e+33 1.688788059168e+11 5.402258876846e-01
2.602208700000e+33 1.689731394856e+11 5.233060953680e-01
2.619910800000e+33 1.690705011609e+11 5.064555400042e-01
2.637612900000e+33 1.691710800216e+11 4.896820680672e-01
2.655315000000e+33 1.692750817774e+11 4.729933614702e-01
2.673017100000e+33 1.693827307736e+11 4.563969362146e-01
2.690719200000e+33 1.694942723055e+11 4.399001411610e-01
2.708421300000e+33 1.696099753030e+11 4.235101569160e-01
2.726123400000e+33 1.697301354580e+11 4.072339948354e-01
2.743825500000e+33 1.698550788855e+11 3.910784961388e-01
2.761527600000e+33 1.699851664328e+11 3.750503311343e-01
2.779229700000e+33 1.701207987781e+11 3.591559985515e-01
2.796931800000e+33 1.702624225005e+11 3.434018249786e-01
2.814633900000e+33 1.704105373527e+11 3.277939644024e-01
2.832336000000e+33 1.705657050331e+11 3.123383978488e-01
2.850038100000e+33 1.707285598478e+11 2.970409331213e-01
2.867740200000e+33 1.708998217716e+11 2.819072046347e-01
2.885442300000e+33 1.710803125900e+11 2.669426733422e-01
2.903144400000e+33 1.712709760375e+11 2.521526267542e-01
2.920846500000e+33 1.714729031873e+11 2.375421790449e-01
2.938548600000e+33 1.716873648262e+11 2.231162712464e-01
2.956250700000e+33 1.719158532658e+11 2.088796715270e-01
2.973952800000e+33 1.721601370998e+11 1.948369755513e-01
2.991654900000e+33 1.724223340498e+11 1.809926069211e-01
3.009357000000e+33 1.727050095983e+11 1.673508176944e-01
3.027059100000e+33 1.730113132276e+11 1.539156889799e-01
3.044761200000e+33 1.733451709412e+11 1.406911316057e-01
3.062463300000e+33 1.737115645677e+11 1.276808868601e-01
3.080165400000e+33 1.741169495862e+11 1.148885273022e-01
3.097867500000e+33 1.745699032606e+11 1.023174576406e-01
3.115569600000e+33 1.750821748121e+11 8.997091567796e-02
3.133271700000e+33 1.756704803683e+11 7.785197331990e-02
3.150973800000e+33 1.763597837674e+11 6.596353764598e-02
3.168675900000e+33 1.771898385178e+11 5.430835204130e-02
3.186378000000e+33 1.782298659171e+11 4.288899738637e-02
3.204080100000e+33 1.796176101618e+11 3.170789330401e-02
3.221782200000e+33 1.816959737375e+11 2.076729946083e-02
3.239484300000e+33 1.858384541497e+11 1.006931692236e-02
3.257186400000e+33 2.592300572014e+11 3.841104407882e-04
3.274888500000e+33 2.611943786150e+11 1.059119449678e-02
3.292590600000e+33 2.621953135845e+11 2.055030134845e-02
3.310292700000e+33 2.628707408537e+11 3.025994978286e-02
3.327994800000e+33 2.633829981656e+11 3.971880967601e-02
3.345696900000e+33 2.637973977132e+11 4.892570035455e-02
3.363399000000e+33 2.641466775977e+11 5.787958891594e-02
3.381101100000e+33 2.644495680714e+11 6.657958850864e-02
3.398803200000e+33 2.647177830609e+11 7.502495657389e-02
3.416505300000e+33 2.649591349420e+11 8.321509305069e-02
3.434207400000e+33 2.651790941624e+11 9.114953854546e-02
3.451909500000e+33 2.653816406882e+11 9.882797246756e-02
3.469611600000e+33 2.655697609411e+11 1.062502111328e-01
3.487313700000e+33 2.657457536967e+11 1.134162058356e-01
3.505015800000e+33 2.659114267622e+11 1.203260408918e-01
3.522717900000e+33 2.660682281019e+11 1.269799316532e-01
3.540420000000e+33 2.662173359849e+11 1.333782224952e-01
3.558122100000e+33 2.663597226175e+11 1.395213847796e-01
3.575824200000e+33 2.664962000973e+11 1.454100147923e-01
3.593526300000e+33 2.666274542746e+11 1.510448316587e-01
3.611228400000e+33 2.667540701488e+11 1.564266752381e-01
3.628930500000e+33 2.668765512203e+11 1.615565039969e-01
3.646632600000e+33 2.669953344481e+11 1.664353928632e-01
3.664334700000e+33 2.671108019589e+11 1.710645310638e-01
3.682036800000e+33 2.672232903232e+11 1.754452199445e-01
3.699738900000e+33 2.673330979806e+11 1.795788707749e-01
3.717441000000e+33 2.674404912451e+11 1.834670025388e-01
3.735143100000e+33 2.675457092047e+11 1.871112397124e-01
3.752845200000e+33 2.676489677538e+11 1.905133100292e-01
3.770547300000e+33 2.677504629395e+11 1.936750422352e-01
3.788249400000e+33 2.678503737586e+11 1.965983638339e-01
3.805951500000e+33 2.679488645135e+11 1.992852988222e-01
3.823653600000e+33 2.680460868105e+11 2.017379654198e-01
3.841355700000e+33 2.681421812663e+11 2.039585737905e-01
3.859057800000e+33 2.682372789751e+11 2.059494237594e-01
3.876759900000e+33 2.683315027795e+11 2.077129025238e-01
3.894462000000e+33 2.684249683780e+11 2.092514823626e-01
3.912164100000e+33 2.685177852974e+11 2.105677183409e-01
3.929866200000e+33 2.686100577529e+11 2.116642460141e-01
3.947568300000e+33 2.687018854148e+11 2.125437791311e-01
3.965270400000e+33 2.687933640972e+11 2.132091073372e-01
3.982972500000e+33 2.688845863822e+11 2.136630938781e-01
4.000674600000e+33 2.689756421906e+11 2.139086733058e-01
4.018376700000e+33 2.690666193095e+11 2.139488491872e-01
4.036078800000e+33 2.691576038836e+11 2.137866918165e-01
4.053780900000e+33 2.692486808796e+11 2.134253359310e-01
4.071483000000e+33 2.693399345284e+11 2.128679784332e-01
4.089185100000e+33 2.694314487527e+11 2.121178761180e-01
4.106887200000e+33 2.695233075841e+11 2.111783434071e-01
4.124589300000e+33 2.696155955766e+11 2.100527500905e-01
4.142291400000e+33 2.697083982202e+11 2.087445190762e-01
4.159993500000e+33 2.698018023599e+11 2.072571241491e-01
4.177695600000e+33 2.698958966257e+11 2.055940877392e-01
4.195397700000e+33 2.699907718795e+11 2.037589786999e-01
4.213099800000e+33 2.700865216818e+11 2.017554100979e-01
4.230801900000e+33 2.701832427880e+11 1.995870370137e-01
4.248504000000e+33 2.702810356774e+11 1.972575543559e-01
4.266206100000e+33 2.703800051251e+11 1.947706946862e-01
4.283908200000e+33 2.704802608228e+11 1.921302260603e-01
4.301610300000e+33 2.705819180594e+11 1.893399498804e-01
4.319312400000e+33 2.706850984719e+11 1.864036987647e-01
4.337014500000e+33 2.707899308792e+11 1.833253344302e-01
4.354716600000e+33 2.708965522134e+11 1.801087455928e-01
4.372418700000e+33 2.710051085670e+11 1.767578458820e-01
4.390120800000e+33 2.711157563761e+11 1.732765717745e-01
4.407822900000e+33 2.712286637649e+11 1.696688805431e-01
4.425525000000e+33 2.713440120822e+11 1.659387482250e-01
4.443227100000e+33 2.714619976656e+11 1.620901676072e-01
4.460929200000e+33 2.715828338790e+11 1.581271462318e-01
4.478631300000e+33 2.717067534784e+11 1.540537044194e-01
4.496333400000e+33 2.718340113735e+11 1.498738733133e-01
4.514035500000e+33 2.719648878711e+11 1.455916929423e-01
4.531737600000e+33 2.720996925064e+11 1.412112103061e-01
4.549439700000e+33 2.722387685981e+11 1.367364774794e-01
4.567141800000e+33 2.723824986995e+11 1.321715497389e-01
4.584843900000e+33 2.725313111697e+11 1.275204837111e-01
4.602546000000e+33 2.726856881543e+11 1.227873355423e-01
4.620248100000e+33 2.728461753571e+11 1.179761590917e-01
4.637950200000e+33 2.730133941125e+11 1.130910041456e-01
4.655652300000e+33 2.731880564411e+11 1.081359146569e-01
4.673354400000e+33 2.733709840248e+11 1.031149270054e-01
4.691056500000e+33 2.735631323948e+11 9.803206828407e-02
4.708758600000e+33 2.737656221575e+11 9.289135460792e-02
4.726460700000e+33 2.739797798700e+11 8.769678944732e-02
4.744162800000e+33 2.742071923898e+11 8.245236198611e-02
4.761864900000e+33 2.744497804105e+11 7.716204550442e-02
4.779567000000e+33 2.747098999435e+11 7.182979578581e-02
4.797269100000e+33 2.749904855592e+11 6.645954955107e-02
4.814971200000e+33 2.752952578844e+11 6.105522291601e-02
4.832673300000e+33 2.756290334137e+11 5.562070987559e-02
4.850375400000e+33 2.759982038821e+11 5.015988081391e-02
4.868077500000e+33 2.764115104352e+11 4.467658104005e-02
4.885779600000e+33 2.768813610147e+11 3.917462935072e-02
4.903481700000e+33 2.774262238609e+11 3.365781661837e-02
4.921183800000e+33 2.780753601072e+11 2.812990440668e-02
4.938885900000e+33 2.788793115189e+11 2.259462361210e-02
4.956588000000e+33 2.799372659738e+11 1.705567313335e-02
4.974290100000e+33 2.814895057923e+11 1.151671856632e-02
4.991992200000e+33 2.844309326980e+11 5.981390927555e-03
5.009694300000e+33 3.185807009602e+11 4.532854038355e-04
5.027396400000e+33 3.212982633492e+11 5.064039869925e-03
5.045098500000e+33 3.225844571723e+11 1.056706500662e-02
5.062800600000e+33 3.234255784448e+11 1.605230953358e-02
5.080502700000e+33 3.240502610024e+11 2.151633353349e-02
5.098204800000e+33 3.245471657552e+11 2.695573875701e-02
5.115906900000e+33 3.249598353393e+11 3.236716970717e-02
5.133609000000e+33 3.253128540979e+11 3.774731469636e-02
5.151311100000e+33 3.256214532799e+11 4.309290687641e-02
5.169013200000e+33 3.258957188477e+11 4.840072523909e-02
5.186715300000e+33 3.261426730510e+11 5.366759559061e-02
5.204417400000e+33 3.263674004457e+11 5.889039149713e-02
5.222119500000e+33 3.265737003566e+11 6.406603520276e-02
5.239821600000e+33 3.267644861721e+11 6.919149852001e-02
5.257523700000e+33 3.269420408319e+11 7.426380369163e-02
5.275225800000e+33 3.271081864653e+11 7.928002422583e-02
5.292927900000e+33 3.272644006077e+11 8.423728570227e-02
5.310630000000e+33 3.274118979811e+11 8.913276655205e-02
5.328332100000e+33 3.275516893939e+11 9.396369880795e-02
5.346034200000e+33 3.276846250339e+11 9.872736882899e-02
5.363736300000e+33 3.278114268643e+11 1.034211179958e-01
5.381438400000e+33 3.279327132573e+11 1.080423433793e-01
5.399140500000e+33 3.280490179923e+11 1.125884983820e-01
5.416842600000e+33 3.281608051007e+11 1.170570933516e-01
5.434544700000e+33 3.282684805985e+11 1.214456961671e-01
5.452246800000e+33 3.283724018594e+11 1.257519327980e-01
5.469948900000e+33 3.284728851767e+11 1.299734878363e-01
5.487651000000e+33 3.285702119161e+11 1.341081050016e-01
5.505353100000e+33 3.286646335660e+11 1.381535876188e-01
5.523055200000e+33 3.287563759124e+11 1.421077990698e-01
5.540757300000e+33 3.288456425154e+11 1.459686632184e-01
5.558459400000e+33 3.289326176238e+11 1.497341648071e-01
5.576161500000e+33 3.290174686318e+11 1.534023498300e-01
5.593863600000e+33 3.291003481641e+11 1.569713258780e-01
5.611565700000e+33 3.291813958531e+11 1.604392624574e-01
5.629267800000e+33 3.292607398630e+11 1.638043912841e-01
5.646969900000e+33 3.293384982020e+11 1.670650065503e-01
5.664672000000e+33 3.294147798584e+11 1.702194651665e-01
5.682374100000e+33 3.294896857875e+11 1.732661869788e-01
5.700076200000e+33 3.295633097734e+11 1.762036549586e-01
5.717778300000e+33 3.296357391841e+11 1.790304153693e-01
5.735480400000e+33 3.297070556360e+11 1.817450779068e-01
5.753182500000e+33 3.297773355806e+11 1.843463158165e-01
5.770884600000e+33 3.298466508252e+11 1.868328659840e-01
5.788586700000e+33 3.299150689955e+11 1.892035290025e-01
5.806288800000e+33 3.299826539495e+11 1.914571692173e-01
5.823990900000e+33 3.300494661482e+11 1.935927147428e-01
5.841693000000e+33 3.301155629892e+11 1.956091574596e-01
5.859395100000e+33 3.301809991081e+11 1.975055529848e-01
5.877097200000e+33 3.302458266517e+11 1.992810206227e-01
5.894799300000e+33 3.303100955268e+11 2.009347432873e-01
5.912501400000e+33 3.303738536274e+11 2.024659674086e-01
5.930203500000e+33 3.304371470437e+11 2.038740028088e-01
5.947905600000e+33 3.305000202544e+11 2.051582225622e-01
5.965607700000e+33 3.305625163049e+11 2.063180628298e-01
5.983309800000e+33 3.306246769738e+11 2.073530226740e-01
6.001011900000e+33 3.306865429278e+11 2.082626638473e-01
6.018714000000e+33 3.307481538685e+11 2.090466105669e-01
6.036416100000e+33 3.308095486705e+11 2.097045492602e-01
6.054118200000e+33 3.308707655139e+11 2.102362282958e-01
6.071820300000e+33 3.309318420103e+11 2.106414576899e-01
6.089522400000e+33 3.309928153257e+11 2.109201087936e-01
6.107224500000e+33 3.310537222991e+11 2.110721139611e-01
6.124926600000e+33 3.311145995588e+11 2.110974661948e-01
6.142628700000e+33 3.311754836375e+11 2.109962187761e-01
6.160330800000e+33 3.312364110869e+11 2.107684848716e-01
6.178032900000e+33 3.312974185919e+11 2.104144371237e-01
6.195735000000e+33 3.313585430864e+11 2.099343072205e-01
6.213437100000e+33 3.314198218713e+11 2.093283854489e-01
6.231139200000e+33 3.314812927353e+11 2.085970202277e-01
6.248841300000e+33 3.315429940791e+11 2.077406176247e-01
6.266543400000e+33 3.316049650460e+11 2.067596408547e-01
6.284245500000e+33 3.316672456568e+11 2.056546097618e-01
6.301947600000e+33 3.317298769537e+11 2.044261002820e-01
6.319649700000e+33 3.317929011519e+11 2.030747438922e-01
6.337351800000e+33 3.318563618012e+11 2.016012270400e-01
6.355053900000e+33 3.319203039605e+11 2.000062905612e-01
6.372756000000e+33 3.319847743843e+11 1.982907290756e-01
6.390458100000e+33 3.320498217260e+11 1.964553903742e-01
6.408160200000e+33 3.321154967589e+11 1.945011747850e-01
6.425862300000e+33 3.321818526179e+11 1.924290345275e-01
6.443564400000e+33 3.322489450647e+11 1.902399730523e-01
6.461266500000e+33 3.323168327808e+11 1.879350443662e-01
6.478968600000e+33 3.323855776916e+11 1.855153523410e-01
6.496670700000e+33 3.324552453269e+11 1.829820500131e-01
6.514372800000e+33 3.325259052234e+11 1.803363388646e-01
6.532074900000e+33 3.325976313753e+11 1.775794680959e-01
6.549777000000e+33 3.326705027417e+11 1.747127338846e-01
6.567479100000e+33 3.327446038187e+11 1.717374786276e-01
6.585181200000e+33 3.328200252890e+11 1.686550901801e-01
6.602883300000e+33 3.328968647603e+11 1.654670010706e-01
6.620585400000e+33 3.329752276095e+11 1.621746877179e-01
6.638287500000e+33 3.330552279515e+11 1.587796696259e-01
6.655989600000e+33 3.331369897564e+11 1.552835085735e-01
6.673691700000e+33 3.332206481420e+11 1.516878077930e-01
6.691393800000e+33 3.333063508795e+11 1.479942111364e-01
6.709095900000e+33 3.333942601528e+11 1.442044022368e-01
6.726798000000e+33 3.334845546274e+11 1.403201036515e-01
6.744500100000e+33 3.335774318974e+11 1.363430760053e-01
6.762202200000e+33 3.336731113952e+11 1.322751171203e-01
6.779904300000e+33 3.337718378755e+11 1.281180611375e-01
6.797606400000e+33 3.338738856150e+11 1.238737776275e-01
6.815308500000e+33 3.339795635123e+11 1.195441707010e-01
6.833010600000e+33 3.340892213314e+11 1.151311781047e-01
6.850712700000e+33 3.342032574105e+11 1.106367703098e-01
6.868414800000e+33 3.343221282707e+11 1.060629495997e-01
6.886116900000e+33 3.344463607164e+11 1.014117491460e-01
6.903819000000e+33 3.345765672461e+11 9.668523207767e-02
6.921521100000e+33 3.347134659251e+11 9.188549054837e-02
6.939223200000e+33 3.348579063657e+11 8.701464479517e-02
6.956925300000e+33 3.350109042195e+11 8.207484219130e-02
6.974627400000e+33 3.351736877629e+11 7.706825629661e-02
6.992329500000e+33 3.353477620551e+11 7.199708589957e-02
7.010031600000e+33 3.355349992746e+11 6.686355406315e-02
7.027733700000e+33 3.357377692041e+11 6.166990715117e-02
7.045435800000e+33 3.359591333794e+11 5.641841386851e-02
7.063137900000e+33 3.362031442380e+11 5.111136428664e-02
7.080840000000e+33 3.364753257317e+11 4.575106886816e-02
7.098542100000e+33 3.367834858519e+11 4.033985748962e-02
7.116244200000e+33 3.371391804721e+11 3.488007846550e-02
7.133946300000e+33 3.375605753202e+11 2.937409756256e-02
7.151648400000e+33 3.380786889015e+11 2.382429701313e-02
7.169350500000e+33 3.387532994282e+11 1.823307453936e-02
7.187052600000e+33 3.397245577645e+11 1.260284235558e-02
7.204754700000e+33 3.414752676371e+11 6.936026186668e-03
7.222456800000e+33 3.509892636020e+11 1.235064279800e-03
7.240158900000e+33 3.535134851271e+11 4.497593586367e-03
7.257861000000e+33 3.546087834369e+11 1.025948708772e-02
7.275563100000e+33 3.553054710811e+11 1.604814634794e-02
7.293265200000e+33 3.558151731533e+11 2.186109292129e-02
7.310967300000e+33 3.562164662908e+11 2.769584078122e-02
7.328669400000e+33 3.565470586083e+11 3.354989730910e-02
7.346371500000e+33 3.568279342594e+11 3.942076427226e-02
7.364073600000e+33 3.570719653295e+11 4.530593881543e-02
7.381775700000e+33 3.572876138470e+11 5.120291443273e-02
7.399477800000e+33 3.574807387758e+11 5.710918195402e-02
7.417179900000e+33 3.576555637566e+11 6.302223051312e-02
7.434882000000e+33 3.578152335085e+11 6.893954852615e-02
7.452584100000e+33 3.579621522233e+11 7.485862466123e-02
7.470286200000e+33 3.580981989864e+11 8.077694880090e-02
7.487988300000e+33 3.582248702052e+11 8.669201300802e-02
7.505690400000e+33 3.583433768362e+11 9.260131248557e-02
7.523392500000e+33 3.584547125913e+11 9.850234652222e-02
7.541094600000e+33 3.585597029319e+11 1.043926194602e-01
7.558796700000e+33 3.586590409953e+11 1.102696416196e-01
7.576498800000e+33 3.587533144247e+11 1.161309302531e-01
7.594200900000e+33 3.588430257311e+11 1.219740104720e-01
7.611903000000e+33 3.589286079728e+11 1.277964161810e-01
7.629605100000e+33 3.590104369869e+11 1.335956910025e-01
7.647307200000e+33 3.590888410444e+11 1.393693891837e-01
7.665009300000e+33 3.591641085535e+11 1.451150765200e-01
7.682711400000e+33 3.592364942662e+11 1.508303312504e-01
7.700413500000e+33 3.593062243235e+11 1.565127449599e-01
7.718115600000e+33 3.593735003913e+11 1.621599234639e-01
7.735817700000e+33 3.594385030762e+11 1.677694877017e-01
7.753519800000e+33 3.595013947671e+11 1.733390745993e-01
7.771221900000e+33 3.595623220134e+11 1.788663379440e-01
7.788924000000e+33 3.596214175296e+11 1.843489492420e-01
7.806626100000e+33 3.596788018926e+11 1.897845985732e-01
7.824328200000e+33 3.597345849879e+11 1.951709954270e-01
7.842030300000e+33 3.597888672476e+11 2.005058695384e-01
7.859732400000e+33 3.598417407143e+11 2.057869717184e-01
7.877434500000e+33 3.598932899614e+11 2.110120746646e-01
7.895136600000e+33 3.599435928906e+11 2.161789737657e-01
7.912838700000e+33 3.599927214265e+11 2.212854879041e-01
7.930540800000e+33 3.600407421244e+11 2.263294602399e-01
7.948242900000e+33 3.600877167026e+11 2.313087589847e-01
7.965945000000e+33 3.601337025121e+11 2.362212781710e-01
7.983647100000e+33 3.601787529501e+11 2.410649384132e-01
8.001349200000e+33 3.602229178278e+11 2.458376876417e-01
8.019051300000e+33 3.602662436955e+11 2.505375018506e-01
8.036753400000e+33 3.603087741340e+11 2.551623858118e-01
8.054455500000e+33 3.603505500132e+11 2.597103737903e-01
8.072157600000e+33 3.603916097253e+11 2.641795302463e-01
8.089859700000e+33 3.604319893928e+11 2.685679505239e-01
8.107561800000e+33 3.604717230568e+11 2.728737615342e-01
8.125263900000e+33 3.605108428463e+11 2.770951224073e-01
8.142966000000e+33 3.605493791314e+11 2.812302251617e-01
8.160668100000e+33 3.605873606621e+11 2.852772953337e-01
8.178370200000e+33 3.606248146947e+11 2.892345926164e-01
8.196072300000e+33 3.606617671059e+11 2.931004114696e-01
8.213774400000e+33 3.606982424982e+11 2.968730817212e-01
8.231476500000e+33 3.607342642948e+11 3.005509691708e-01
8.249178600000e+33 3.607698548275e+11 3.041324761510e-01
8.266880700000e+33 3.608050354171e+11 3.076160420985e-01
8.284582800000e+33 3.608398264465e+11 3.110001441154e-01
8.302284900000e+33 3.608742474293e+11 3.142832974899e-01
8.319987000000e+33 3.609083170722e+11 3.174640562308e-01
8.337689100000e+33 3.609420533329e+11 3.205410135775e-01
8.355391200000e+33 3.609754734735e+11 3.235128024890e-01
8.373093300000e+33 3.610085941108e+11 3.263780961374e-01
8.390795400000e+33 3.610414312619e+11 3.291356083685e-01
8.408497500000e+33 3.610740003878e+11 3.317840941603e-01
8.426199600000e+33 3.611063164333e+11 3.343223500521e-01
8.443901700000e+33 3.611383938648e+11 3.367492145893e-01
8.461603800000e+33 3.611702467053e+11 3.390635687174e-01
8.479305900000e+33 3.612018885680e+11 3.412643361803e-01
8.497008000000e+33 3.612333326870e+11 3.433504839188e-01
8.514710100000e+33 3.612645919469e+11 3.453210224034e-01
8.532412200000e+33 3.612956789107e+11 3.471750060195e-01
8.550114300000e+33 3.613266058463e+11 3.489115333867e-01
8.567816400000e+33 3.613573847515e+11 3.505297476790e-01
8.585518500000e+33 3.613880273781e+11 3.520288369452e-01
8.603220600000e+33 3.614185452547e+11 3.534080343742e-01
8.620922700000e+33 3.614489497088e+11 3.546666186074e-01
8.638624800000e+33 3.614792518879e+11 3.558039139559e-01
8.656326900000e+33 3.615094627804e+11 3.568192906769e-01
8.674029000000e+33 3.615395932347e+11 3.577121651982e-01
8.691731100000e+33 3.615696539791e+11 3.584820003145e-01
8.709433200000e+33 3.615996556406e+11 3.591283054010e-01
8.727135300000e+33 3.616296087631e+11 3.596506365961e-01
8.744837400000e+33 3.616595238255e+11 3.600485969557e-01
8.762539500000e+33 3.616894112603e+11 3.603218366181e-01
8.780241600000e+33 3.617192814706e+11 3.604700529210e-01
8.797943700000e+33 3.617491448483e+11 3.604929905491e-01
8.815645800000e+33 3.617790117918e+11 3.603904415995e-01
8.833347900000e+33 3.618088927234e+11 3.601622457061e-01
8.851050000000e+33 3.618387981079e+11 3.598082900772e-01
8.868752100000e+33 3.618687384701e+11 3.593285095834e-01
8.886454200000e+33 3.618987244138e+11 3.587228867721e-01
8.904156300000e+33 3.619287666400e+11 3.579914518965e-01
8.921858400000e+33 3.619588759671e+11 3.571342829405e-01
8.939560500000e+33 3.619890633497e+11 3.561515055790e-01
8.957262600000e+33 3.620193399000e+11 3.550432931870e-01
8.974964700000e+33 3.620497169083e+11 3.538098667691e-01
8.992666800000e+33 3.620802058656e+11 3.524514949307e-01
9.010368900000e+33 3.621108184862e+11 3.509684937809e-01
9.028071000000e+33 3.621415667320e+11 3.493612268604e-01
9.045773100000e+33 3.621724628378e+11 3.476301050394e-01
9.063475200000e+33 3.622035193375e+11 3.457755863812e-01
9.081177300000e+33 3.622347490927e+11 3.437981760267e-01
9.098879400000e+33 3.622661653224e+11 3.416984260289e-01
9.116581500000e+33 3.622977816340e+11 3.394769351942e-01
9.134283600000e+33 3.623296120575e+11 3.371343488907e-01
9.151985700000e+33 3.623616710814e+11 3.346713588606e-01
9.169687800000e+33 3.623939736905e+11 3.320887029970e-01
9.187389900000e+33 3.624265354075e+11 3.293871651240e-01
9.205092000000e+33 3.624593723371e+11 3.265675747374e-01
9.222794100000e+33 3.624925012136e+11 3.236308067642e-01
9.240496200000e+33 3.625259394522e+11 3.205777812663e-01
9.258198300000e+33 3.625597052046e+11 3.174094631671e-01
9.275900400000e+33 3.625938174195e+11 3.141268619291e-01
9.293602500000e+33 3.626282959077e+11 3.107310312499e-01
9.311304600000e+33 3.626631614134e+11 3.072230687136e-01
9.329006700000e+33 3.626984356924e+11 3.036041154338e-01
9.346708800000e+33 3.627341415962e+11 2.998753557078e-01
9.364410900000e+33 3.627703031661e+11 2.960380166238e-01
9.382113000000e+33 3.628069457345e+11 2.920933676656e-01
9.399815100000e+33 3.628440960380e+11 2.880427202936e-01
9.417517200000e+33 3.628817823412e+11 2.838874275427e-01
9.435219300000e+33 3.629200345737e+11 2.796288835607e-01
9.452921400000e+33 3.629588844818e+11 2.752685231716e-01
9.470623500000e+33 3.629983657977e+11 2.708078213979e-01
9.488325600000e+33 3.630385144268e+11 2.662482929856e-01
9.506027700000e+33 3.630793686574e+11 2.615914919050e-01
9.523729800000e+33 3.631209693954e+11 2.568390108371e-01
9.541431900000e+33 3.631633604271e+11 2.519924806664e-01
9.559134000000e+33 3.632065887160e+11 2.470535699414e-01
9.576836100000e+33 3.632507047369e+11 2.420239843035e-01
9.594538200000e+33 3.632957628545e+11 2.369054659496e-01
9.612240300000e+33 3.633418217539e+11 2.316997930522e-01
9.629942400000e+33 3.633889449306e+11 2.264087791591e-01
9.647644500000e+33 3.634372012522e+11 2.210342726062e-01
9.665346600000e+33 3.634866656023e+11 2.155781558897e-01
9.683048700000e+33 3.635374196240e+11 2.100423450564e-01
9.700750800000e+33 3.635895525800e+11 2.044287890561e-01
9.718452900000e+33 3.636431623539e+11 1.987394690797e-01
9.736155000000e+33 3.636983566199e+11 1.929763979217e-01
9.753857100000e+33 3.637552542170e+11 1.871416192870e-01
9.771559200000e+33 3.638139867720e+11 1.812372071199e-01
9.789261300000e+33 3.638747006279e+11 1.752652648800e-01
9.806963400000e+33 3.639375591482e+11 1.692279248638e-01
9.824665500000e+33 3.640027454900e+11 1.631273474785e-01
9.842367600000e+33 3.640704659647e+11 1.569657204917e-01
9.860069700000e+33 3.641409541426e+11 1.507452583126e-01
9.877771800000e+33 3.642144759078e+11 1.444682012526e-01
9.895473900000e+33 3.642913357408e+11 1.381368147064e-01
9.913176000000e+33 3.643718846057e+11 1.317533884416e-01
9.930878100000e+33 3.644565299586e+11 1.253202357993e-01
9.948580200000e+33 3.645457486035e+11 1.188396928859e-01
9.966282300000e+33 3.646401034249e+11 1.123141177816e-01
9.983984400000e+33 3.647402654919e+11 1.057458897528e-01
1.000168650000e+34 3.648470437447e+11 9.913740839463e-02
1.001938860000e+34 3.649614256179e+11 9.249109283550e-02
1.003709070000e+34 3.650846338205e+11 8.580938088335e-02
1.005479280000e+34 3.652182076550e+11 7.909472818382e-02
1.007249490000e+34 3.653641228111e+11 7.234960737662e-02
1.009019700000e+34 3.655249737730e+11 6.557650723485e-02
1.010789910000e+34 3.657042627187e+11 5.877793177991e-02
1.012560120000e+34 3.659068794184e+11 5.195639943310e-02
1.014330330000e+34 3.661399468482e+11 4.511444211261e-02
1.016100540000e+34 3.664144273193e+11 3.825460432883e-02
1.017870750000e+34 3.667484905552e+11 3.137944236032e-02
1.019640960000e+34 3.671756172981e+11 2.449152324978e-02
1.021411170000e+34 3.677685641151e+11 1.759342398506e-02
1.023181380000e+34 3.687404896448e+11 1.068773052596e-02
1.024951590000e+34 3.714633107407e+11 3.777036923237e-03
1.026721800000e+34 3.746905537083e+11 3.136055649202e-03
1.028492010000e+34 3.756864071679e+11 1.004893976769e-02
1.030262220000e+34 3.762740109153e+11 1.695900274858e-02
1.032032430000e+34 3.766904863707e+11 2.386362754965e-02
1.033802640000e+34 3.770129530384e+11 3.076019374801e-02
1.035572850000e+34 3.772760280691e+11 3.764607844145e-02
1.037343060000e+34 3.774982048738e+11 4.451865725152e-02
1.039113270000e+34 3.776905182534e+11 5.137530525494e-02
1.040883480000e+34 3.778600788179e+11 5.821339792290e-02
1.042653690000e+34 3.780117359258e+11 6.503031211399e-02
1.044423900000e+34 3.781489442966e+11 7.182342703037e-02
1.046194110000e+34 3.782742518516e+11 7.859012517551e-02
1.047964320000e+34 3.783895914501e+11 8.532779332653e-02
1.049734530000e+34 3.784964640663e+11 9.203382351973e-02
1.051504740000e+34 3.785960585184e+11 9.870561397888e-02
1.053274950000e+34 3.786893324091e+11 1.053405701586e-01
1.055045160000e+34 3.787770684383e+11 1.119361056260e-01
1.056815370000e+34 3.788599145617e+11 1.184896431399e-01
1.058585580000e+34 3.789384132550e+11 1.249986155342e-01
1.060355790000e+34 3.790130232456e+11 1.314604667501e-01
1.062126000000e+34 3.790841359255e+11 1.378726527927e-01
1.063896210000e+34 3.791520879340e+11 1.442326427056e-01
1.065666420000e+34 3.792171709344e+11 1.505379195235e-01
1.067436630000e+34 3.792796393038e+11 1.567859812998e-01
1.069206840000e+34 3.793397162490e+11 1.629743420158e-01
1.070977050000e+34 3.793975987188e+11 1.691005325888e-01
1.072747260000e+34 3.794534613874e+11 1.751621018194e-01
1.074517470000e+34 3.795074599108e+11 1.811566173764e-01
1.076287680000e+34 3.795597336109e+11 1.870816667274e-01
1.078057890000e+34 3.796104077033e+11 1.929348581504e-01
1.079828100000e+34 3.796595951588e+11 1.987138216001e-01
1.081598310000e+34 3.797073982689e+11 2.044162097623e-01
1.083368520000e+34 3.797539099699e+11 2.100396989526e-01
1.085138730000e+34 3.797992149695e+11 2.155819900393e-01
1.086908940000e+34 3.798433907086e+11 2.210408094282e-01
1.088679150000e+34 3.798865081891e+11 2.264139099539e-01
1.090449360000e+34 3.799286326868e+11 2.316990718657e-01
1.092219570000e+34 3.799698243701e+11 2.368941036853e-01
1.093989780000e+34 3.800101388380e+11 2.419968431617e-01
1.095759990000e+34 3.800496275898e+11 2.470051581914e-01
1.097530200000e+34 3.800883384375e+11 2.519169476884e-01
1.099300410000e+34 3.801263158683e+11 2.567301425368e-01
1.101070620000e+34 3.801636013642e+11 2.614427064472e-01
1.102840830000e+34 3.802002336859e+11 2.660526368192e-01
1.104611040000e+34 3.802362491241e+11 2.705579656324e-01
1.106381250000e+34 3.802716817239e+11 2.749567603903e-01
1.108151460000e+34 3.803065634854e+11 2.792471248702e-01
1.109921670000e+34 3.803409245428e+11 2.834272000305e-01
1.111691880000e+34 3.803747933259e+11 2.874951648406e-01
1.113462090000e+34 3.804081967053e+11 2.914492371234e-01
1.115232300000e+34 3.804411601236e+11 2.952876743906e-01
1.117002510000e+34 3.804737077141e+11 2.990087746200e-01
1.118772720000e+34 3.805058624086e+11 3.026108770859e-01
1.120542930000e+34 3.805376460352e+11 3.060923631627e-01
1.122313140000e+34 3.805690794082e+11 3.094516570654e-01
1.124083350000e+34 3.806001824090e+11 3.126872266851e-01
1.125853560000e+34 3.806309740619e+11 3.157975842612e-01
1.127623770000e+34 3.806614726023e+11 3.187812872220e-01
1.129393980000e+34 3.806916955402e+11 3.216369388782e-01
1.131164190000e+34 3.807216597186e+11 3.243631891052e-01
1.132934400000e+34 3.807513813681e+11 3.269587351505e-01
1.134704610000e+34 3.807808761564e+11 3.294223222502e-01
1.136474820000e+34 3.808101592359e+11 3.317527443331e-01
1.138245030000e+34 3.808392452867e+11 3.339488447134e-01
1.140015240000e+34 3.808681485578e+11 3.360095167368e-01
1.141785450000e+34 3.808968829054e+11 3.379337043951e-01
1.143555660000e+34 3.809254618294e+11 3.397204030376e-01
1.145325870000e+34 3.809538985069e+11 3.413686598575e-01
1.147096080000e+34 3.809822058252e+11 3.428775746248e-01
1.148866290000e+34 3.810103964127e+11 3.442463001383e-01
1.150636500000e+34 3.810384826678e+11 3.454740429337e-01
1.152406710000e+34 3.810664767883e+11 3.465600637062e-01
1.154176920000e+34 3.810943907975e+11 3.475036779255e-01
1.155947130000e+34 3.811222365718e+11 3.483042563296e-01
1.157717340000e+34 3.811500258656e+11 3.489612254152e-01
1.159487550000e+34 3.811777703367e+11 3.494740679682e-01
1.161257760000e+34 3.812054815712e+11 3.498423234375e-01
1.163027970000e+34 3.812331711076e+11 3.500655884989e-01
1.164798180000e+34 3.812608504611e+11 3.501435174166e-01
1.166568390000e+34 3.812885311473e+11 3.500758224547e-01
1.168338600000e+34 3.813162247070e+11 3.498622743216e-01
1.170108810000e+34 3.813439427299e+11 3.495027024906e-01
1.171879020000e+34 3.813716968796e+11 3.489969955691e-01
1.173649230000e+34 3.813994989180e+11 3.483451017027e-01
1.175419440000e+34 3.814273607317e+11 3.475470287763e-01
1.177189650000e+34 3.814552943576e+11 3.466028448340e-01
1.178959860000e+34 3.814833120101e+11 3.455126782458e-01
1.180730070000e+34 3.815114261096e+11 3.442767180431e-01
1.182500280000e+34 3.815396493111e+11 3.428952141542e-01
1.184270490000e+34 3.815679945351e+11 3.413684775461e-01
1.186040700000e+34 3.815964749999e+11 3.396968805426e-01
1.187810910000e+34 3.816251042549e+11 3.378808568728e-01
1.189581120000e+34 3.816538962170e+11 3.359209018866e-01
1.191351330000e+34 3.816828652078e+11 3.338175727300e-01
1.193121540000e+34 3.817120259947e+11 3.315714883591e-01
1.194891750000e+34 3.817413938339e+11 3.291833296782e-01
1.196661960000e+34 3.817709845166e+11 3.266538396147e-01
1.198432170000e+34 3.818008144188e+11 3.239838231498e-01
1.200202380000e+34 3.818309005554e+11 3.211741473036e-01
1.201972590000e+34 3.818612606377e+11 3.182257412169e-01
1.203742800000e+34 3.818919131367e+11 3.151395960276e-01
1.205513010000e+34 3.819228773515e+11 3.119167648768e-01
1.207283220000e+34 3.819541734839e+11 3.085583628167e-01
1.209053430000e+34 3.819858227198e+11 3.050655667308e-01
1.210823640000e+34 3.820178473188e+11 3.014396152070e-01
1.212593850000e+34 3.820502707121e+11 2.976818083411e-01
1.214364060000e+34 3.820831176107e+11 2.937935076944e-01
1.216134270000e+34 3.821164141246e+11 2.897761359228e-01
1.217904480000e+34 3.821501878948e+11 2.856311767275e-01
1.219674690000e+34 3.821844682402e+11 2.813601744839e-01
1.221444900000e+34 3.822192863203e+11 2.769647340608e-01
1.223215110000e+34 3.822546753174e+11 2.724465204779e-01
1.224985320000e+34 3.822906706404e+11 2.678072586165e-01
1.226755530000e+34 3.823273101532e+11 2.630487328190e-01
1.228525740000e+34 3.823646344319e+11 2.581727866261e-01
1.230295950000e+34 3.824026870557e+11 2.531813222730e-01
1.232066160000e+34 3.824415149361e+11 2.480763002957e-01
1.233836370000e+34 3.824811686905e+11 2.428597391553e-01
1.235606580000e+34 3.825217030696e+11 2.375337146715e-01
1.237376790000e+34 3.825631774460e+11 2.321003596143e-01
1.239147000000e+34 3.826056563755e+11 2.265618630606e-01
1.240917210000e+34 3.826492102463e+11 2.209204699490e-01
1.242687420000e+34 3.826939160295e+11 2.151784805030e-01
1.244457630000e+34 3.827398581552e+11 2.093382495443e-01
1.246227840000e+34 3.827871295361e+11 2.034021859692e-01
1.247998050000e+34 3.828358327723e+11 1.973727519388e-01
1.249768260000e+34 3.828860815761e+11 1.912524624617e-01
1.251538470000e+34 3.829380024675e+11 1.850438843271e-01
1.253308680000e+34 3.829917368034e+11 1.787496357409e-01
1.255078890000e+34 3.830474432247e+11 1.723723852390e-01
1.256849100000e+34 3.831053006272e+11 1.659148511759e-01
1.258619310000e+34 3.831655117977e+11 1.593798006537e-01
1.260389520000e+34 3.832283079032e+11 1.527700489651e-01
1.262159730000e+34 3.832939540841e+11 1.460884584206e-01
1.263929940000e+34 3.833627564946e+11 1.393379377537e-01
1.265700150000e+34 3.834350712662e+11 1.325214408817e-01
1.267470360000e+34 3.835113160573e+11 1.256419662935e-01
1.269240570000e+34 3.835919851444e+11 1.187025558290e-01
1.271010780000e+34 3.836776694394e+11 1.117062937503e-01
1.272780990000e+34 3.837690835017e+11 1.046563058089e-01
1.274551200000e+34 3.838671026960e+11 9.755575801403e-02
1.276321410000e+34 3.839728154466e+11 9.040785573023e-02
1.278091620000e+34 3.840875985956e+11 8.321584251529e-02
1.279861830000e+34 3.842132293248e+11 7.598299888436e-02
1.281632040000e+34 3.843520572200e+11 6.871264131863e-02
1.283402250000e+34 3.845072799497e+11 6.140812099438e-02
1.285172460000e+34 3.846834077187e+11 5.407282258217e-02
1.286942670000e+34 3.848870963061e+11 4.671016301500e-02
1.288712880000e+34 3.851287661144e+11 3.932359020419e-02
1.290483090000e+34 3.854261047749e+11 3.191658192726e-02
1.292253300000e+34 3.858128823230e+11 2.449264419085e-02
1.294023510000e+34 3.863669697400e+11 1.705531022829e-02
1.295793720000e+34 3.873466287787e+11 9.608138956050e-03
1.297563930000e+34 3.916558937690e+11 2.154713626577e-03
1.299334140000e+34 3.933805688999e+11 5.301359542307e-03
1.301104350000e+34 3.940928854324e+11 1.275645287638e-02
1.302874560000e+34 3.945412421144e+11 2.020691850551e-02
1.304644770000e+34 3.948682734236e+11 2.764909018151e-02
1.306414980000e+34 3.951256545335e+11 3.507928444276e-02
1.308185190000e+34 3.953378742060e+11 4.249380231714e-02
1.309955400000e+34 3.955184566482e+11 4.988893079114e-02
1.311725610000e+34 3.956756558405e+11 5.726094449706e-02
1.313495820000e+34 3.958148784881e+11 6.460610713817e-02
1.315266030000e+34 3.959398582891e+11 7.192067326937e-02
1.317036240000e+34 3.960532815199e+11 7.920088976808e-02
1.318806450000e+34 3.961571452672e+11 8.644299761940e-02
1.320576660000e+34 3.962529746049e+11 9.364323356965e-02
1.322346870000e+34 3.963419604931e+11 1.007978317997e-01
1.324117080000e+34 3.964250507599e+11 1.079030255602e-01
1.325887290000e+34 3.965030120985e+11 1.149550491594e-01
1.327657500000e+34 3.965764734953e+11 1.219501394402e-01
1.329427710000e+34 3.966459573854e+11 1.288845376723e-01
1.331197920000e+34 3.967119024733e+11 1.357544914182e-01
1.332968130000e+34 3.967746807600e+11 1.425562562720e-01
1.334738340000e+34 3.968346104544e+11 1.492860976947e-01
1.336508550000e+34 3.968919659090e+11 1.559402928062e-01
1.338278760000e+34 3.969469853662e+11 1.625151324549e-01
1.340048970000e+34 3.969998770689e+11 1.690069228013e-01
1.341819180000e+34 3.970508241351e+11 1.754119874960e-01
1.343589390000e+34 3.970999884826e+11 1.817266694249e-01
1.345359600000e+34 3.971475140198e+11 1.879473326525e-01
1.347129810000e+34 3.971935292596e+11 1.940703644714e-01
1.348900020000e+34 3.972381494787e+11 2.000921771698e-01
1.350670230000e+34 3.972814785139e+11 2.060092103421e-01
1.352440440000e+34 3.973236102648e+11 2.118179323547e-01
1.354210650000e+34 3.973646299616e+11 2.175148428140e-01
1.355980860000e+34 3.974046152381e+11 2.230964743847e-01
1.357751070000e+34 3.974436370465e+11 2.285593947572e-01
1.359521280000e+34 3.974817604409e+11 2.339002086838e-01
1.361291490000e+34 3.975190452515e+11 2.391155601891e-01
1.363061700000e+34 3.975555466674e+11 2.442021343969e-01
1.364831910000e+34 3.975913157431e+11 2.491566596665e-01
1.366602120000e+34 3.976263998398e+11 2.539759096736e-01
1.368372330000e+34 3.976608430120e+11 2.586567054512e-01
1.370142540000e+34 3.976946863475e+11 2.631959175338e-01
1.371912750000e+34 3.977279682670e+11 2.675904678915e-01
1.373682960000e+34 3.977607247899e+11 2.718373321368e-01
1.375453170000e+34 3.977929897703e+11 2.759335415292e-01
1.377223380000e+34 3.978247951076e+11 2.798761851969e-01
1.378993590000e+34 3.978561709350e+11 2.836624120387e-01
1.380763800000e+34 3.978871457888e+11 2.872894329190e-01
1.382534010000e+34 3.979177467613e+11 2.907545228498e-01
1.384304220000e+34 3.979479996387e+11 2.940550228893e-01
1.386074430000e+34 3.979779290271e+11 2.971883423393e-01
1.387844640000e+34 3.980075584663e+11 3.001519609406e-01
1.389614850000e+34 3.980369105353e+11 3.029434307044e-01
1.391385060000e+34 3.980660069479e+11 3.055603781785e-01
1.393155270000e+34 3.980948686422e+11 3.080005064585e-01
1.394925480000e+34 3.981235158627e+11 3.102615973873e-01
1.396695690000e+34 3.981519682373e+11 3.123415133555e-01
1.398465900000e+34 3.981802448491e+11 3.142381996362e-01
1.400236110000e+34 3.982083643048e+11 3.159496862217e-01
1.402006320000e+34 3.982363447981e+11 3.174740899491e-01
1.403776530000e+34 3.982642041716e+11 3.188096165404e-01
1.405546740000e+34 3.982919599750e+11 3.199545626356e-01
1.407316950000e+34 3.983196295224e+11 3.209073176481e-01
1.409087160000e+34 3.983472299469e+11 3.216663658793e-01
1.410857370000e+34 3.983747782549e+11 3.222302885240e-01
1.412627580000e+34 3.984022913790e+11 3.225977654007e-01
1.414397790000e+34 3.984297862317e+11 3.227675771932e-01
1.416168000000e+34 3.984572797577e+11 3.227386071805e-01
1.417938210000e+34 3.984847889878e+11 3.225098430587e-01
1.419708420000e+34 3.985123310938e+11 3.220803789832e-01
1.421478630000e+34 3.985399234434e+11 3.214494173994e-01
1.423248840000e+34 3.985675836590e+11 3.206162706386e-01
1.425019050000e+34 3.985953296767e+11 3.195803630664e-01
1.426789260000e+34 3.986231798099e+11 3.183412326383e-01
1.428559470000e+34 3.986511528149e+11 3.168985325892e-01
1.430329680000e+34 3.986792679615e+11 3.152520333539e-01
1.432099890000e+34 3.987075451076e+11 3.134016241089e-01
1.433870100000e+34 3.987360047798e+11 3.113473144051e-01
1.435640310000e+34 3.987646682600e+11 3.090892359408e-01
1.437410520000e+34 3.987935576794e+11 3.066276438334e-01
1.439180730000e+34 3.988226961210e+11 3.039629186874e-01
1.440950940000e+34 3.988521077315e+11 3.010955673746e-01
1.442721150000e+34 3.988818178450e+11 2.980262252528e-01
1.444491360000e+34 3.989118531187e+11 2.947556570670e-01
1.446261570000e+34 3.989422416842e+11 2.912847584956e-01
1.448031780000e+34 3.989730133153e+11 2.876145575283e-01
1.449801990000e+34 3.990041996158e+11 2.837462158410e-01
1.451572200000e+34 3.990358342305e+11 2.796810296810e-01
1.453342410000e+34 3.990679530829e+11 2.754204315144e-01
1.455112620000e+34 3.991005946432e+11 2.709659909359e-01
1.456882830000e+34 3.991338002342e+11 2.663194156254e-01
1.458653040000e+34 3.991676143786e+11 2.614825526067e-01
1.460423250000e+34 3.992020851981e+11 2.564573893519e-01
1.462193460000e+34 3.992372648714e+11 2.512460541679e-01
1.463963670000e+34 3.992732101641e+11 2.458508175581e-01
1.465733880000e+34 3.993099830436e+11 2.402740929907e-01
1.467504090000e+34 3.993476513964e+11 2.345184373411e-01
1.469274300000e+34 3.993862898700e+11 2.285865516367e-01
1.471044510000e+34 3.994259808647e+11 2.224812819665e-01
1.472814720000e+34 3.994668157113e+11 2.162056195683e-01
1.474584930000e+34 3.995088960759e+11 2.097627017111e-01
1.476355140000e+34 3.995523356487e+11 2.031558116841e-01
1.478125350000e+34 3.995972621873e+11 1.963883794450e-01
1.479895560000e+34 3.996438200096e+11 1.894639816266e-01
1.481665770000e+34 3.996921730587e+11 1.823863418092e-01
1.483435980000e+34 3.997425087073e+11 1.751593306900e-01
1.485206190000e+34 3.997950425253e+11 1.677869657079e-01
1.486976400000e+34 3.998500243199e+11 1.602734112971e-01
1.488746610000e+34 3.999077458792e+11 1.526229785485e-01
1.490516820000e+34 3.999685510301e+11 1.448401250730e-01
1.492287030000e+34 4.000328488938e+11 1.369294545286e-01
1.494057240000e+34 4.001011316438e+11 1.288957160966e-01
1.495827450000e+34 4.001739987329e+11 1.207438039125e-01
1.497597660000e+34 4.002521906442e+11 1.124787565684e-01
1.499367870000e+34 4.003366370404e+11 1.041057564995e-01
1.501138080000e+34 4.004285273748e+11 9.563012849241e-02
1.502908290000e+34 4.005294178336e+11 8.705733937181e-02
1.504678500000e+34 4.006413996235e+11 7.839299660751e-02
1.506448710000e+34 4.007673763178e+11 6.964284713329e-02
1.508218920000e+34 4.009115477294e+11 6.081277609067e-02
1.509989130000e+34 4.010803172238e+11 5.190880549158e-02
1.511759340000e+34 4.012841616712e+11 4.293709261260e-02
1.513529550000e+34 4.015420203954e+11 3.390392805201e-02
1.515299760000e+34 4.018937795393e+11 2.481573455182e-02
1.517069970000e+34 4.024492642107e+11 1.567906456294e-02
1.518840180000e+34 4.037827889441e+11 6.500598230834e-03
1.520610390000e+34 4.069428667400e+11 2.712858300400e-03
1.522380600000e+34 4.076532018612e+11 1.195437566503e-02
1.524150810000e+34 4.080523425909e+11 2.121690378315e-02
1.525921020000e+34 4.083296005768e+11 3.049327396643e-02
1.527691230000e+34 4.085418976995e+11 3.977620201921e-02
1.529461440000e+34 4.087138652526e+11 4.905829103219e-02
1.531231650000e+34 4.088583811113e+11 5.833203453903e-02
1.533001860000e+34 4.089830205384e+11 6.758981929535e-02
1.534772070000e+34 4.090926157255e+11 7.682392901922e-02
1.536542280000e+34 4.091904374480e+11 8.602654777725e-02
1.538312490000e+34 4.092788023792e+11 9.518976340974e-02
1.540082700000e+34 4.093594113509e+11 1.043055716516e-01
1.541852910000e+34 4.094335499459e+11 1.133658799613e-01
1.543623120000e+34 4.095022135915e+11 1.223625116488e-01
1.545393330000e+34 4.095661888650e+11 1.312872103414e-01
1.547163540000e+34 4.096261081991e+11 1.401316443082e-01
1.548933750000e+34 4.096824877893e+11 1.488874112194e-01
1.550703960000e+34 4.097357545345e+11 1.575460430036e-01
1.552474170000e+34 4.097862656100e+11 1.660990108544e-01
1.554244380000e+34 4.098343229660e+11 1.745377307252e-01
1.556014590000e+34 4.098801842526e+11 1.828535683644e-01
1.557784800000e+34 4.099240711793e+11 1.910378450053e-01
1.559555010000e+34 4.099661759999e+11 1.990818437473e-01
1.561325220000e+34 4.100066666063e+11 2.069768145288e-01
1.563095430000e+34 4.100456905744e+11 2.147139816630e-01
1.564865640000e+34 4.100833784129e+11 2.222845490695e-01
1.566635850000e+34 4.101198461945e+11 2.296797077660e-01
1.568406060000e+34 4.101551977081e+11 2.368906424818e-01
1.570176270000e+34 4.101895262324e+11 2.439085384154e-01
1.571946480000e+34 4.102229160089e+11 2.507245892506e-01
1.573716690000e+34 4.102554434747e+11 2.573300041600e-01
1.575486900000e+34 4.102871783007e+11 2.637160156282e-01
1.577257110000e+34 4.103181842727e+11 2.698738877498e-01
1.579027320000e+34 4.103485200424e+11 2.757949243844e-01
1.580797530000e+34 4.103782397738e+11 2.814704775906e-01
1.582567740000e+34 4.104073937002e+11 2.868919561482e-01
1.584337950000e+34 4.104360286100e+11 2.920508351389e-01
1.586108160000e+34 4.104641882712e+11 2.969386646234e-01
1.587878370000e+34 4.104919138052e+11 3.015470797209e-01
1.589648580000e+34 4.105192440187e+11 3.058678095600e-01
1.591418790000e+34 4.105462157002e+11 3.098926884268e-01
1.593189000000e+34 4.105728638862e+11 3.136136649428e-01
1.594959210000e+34 4.105992221042e+11 3.170228136136e-01
1.596729420000e+34 4.106253225936e+11 3.201123450258e-01
1.598499630000e+34 4.106511965118e+11 3.228746175539e-01
1.600269840000e+34 4.106768741251e+11 3.253021479762e-01
1.602040050000e+34 4.107023849906e+11 3.273876245294e-01
1.603810260000e+34 4.107277581298e+11 3.291239177506e-01
1.605580470000e+34 4.107530221966e+11 3.305040929574e-01
1.607350680000e+34 4.107782056431e+11 3.315214237771e-01
1.609120890000e+34 4.108033368845e+11 3.321694041861e-01
1.610891100000e+34 4.108284444660e+11 3.324417619561e-01
1.612661310000e+34 4.108535572343e+11 3.323324726868e-01
1.614431520000e+34 4.108787045155e+11 3.318357732211e-01
1.616201730000e+34 4.109039163034e+11 3.309461759802e-01
1.617971940000e+34 4.109292234604e+11 3.296584840886e-01
1.619742150000e+34 4.109546579354e+11 3.279678053277e-01
1.621512360000e+34 4.109802530016e+11 3.258695678529e-01
1.623282570000e+34 4.110060435210e+11 3.233595364692e-01
1.625052780000e+34 4.110320662390e+11 3.204338276065e-01
1.626822990000e+34 4.110583601181e+11 3.170889254837e-01
1.628593200000e+34 4.110849667175e+11 3.133217001503e-01
1.630363410000e+34 4.111119306298e+11 3.091294233212e-01
1.632133620000e+34 4.111392999871e+11 3.045097858872e-01
1.633903830000e+34 4.111671270518e+11 2.994609164942e-01
1.635674040000e+34 4.111954689130e+11 2.939813988557e-01
1.637444250000e+34 4.112243883125e+11 2.880702906185e-01
1.639214460000e+34 4.112539546333e+11 2.817271425459e-01
1.640984670000e+34 4.112842450922e+11 2.749520177750e-01
1.642754880000e+34 4.113153461914e+11 2.677455113756e-01
1.644525090000e+34 4.113473555009e+11 2.601087707290e-01
1.646295300000e+34 4.113803838683e+11 2.520435158321e-01
1.648065510000e+34 4.114145581883e+11 2.435520609589e-01
1.649835720000e+34 4.114500249109e+11 2.346373350330e-01
1.651605930000e+34 4.114869545420e+11 2.253029048031e-01
1.653376140000e+34 4.115255474930e+11 2.155529959772e-01
1.655146350000e+34 4.115660418002e+11 2.053925166435e-01
1.656916560000e+34 4.116087234794e+11 1.948270801978e-01
1.658686770000e+34 4.116539406794e+11 1.838630290279e-01
1.660456980000e+34 4.117021234381e+11 1.725074588065e-01
1.662227190000e+34 4.117538119375e+11 1.607682426170e-01
1.663997400000e+34 4.118096980575e+11 1.486540566234e-01
1.665767610000e+34 4.118706885276e+11 1.361744050497e-01
1.667537820000e+34 4.119380047096e+11 1.233396463433e-01
1.669308030000e+34 4.120133478687e+11 1.101610198535e-01
1.671078240000e+34 4.120991893084e+11 9.665067255704e-02
1.672848450000e+34 4.121993187551e+11 8.282168674565e-02
1.674618660000e+34 4.123199866409e+11 6.868810783542e-02
1.676388870000e+34 4.124726257400e+11 5.426497324967e-02
1.678159080000e+34 4.126817751420e+11 3.956834085016e-02
1.679929290000e+34 4.130175325348e+11 2.461531899567e-02
1.681699500000e+34 4.138919505336e+11 9.424096441652e-03
1.683469710000e+34 4.152611489794e+11 5.986026949437e-03
1.685239920000e+34 4.156390967284e+11 2.159460921594e-02
1.687010130000e+34 4.158571259231e+11 3.738003426143e-02
1.688780340000e+34 4.160098407660e+11 5.331947992074e-02
1.690550550000e+34 4.161271130511e+11 6.938888501251e-02
1.692320760000e+34 4.162221687422e+11 8.556291533848e-02
1.694090970000e+34 4.163020177872e+11 1.018149306865e-01
1.695861180000e+34 4.163708218202e+11 1.181169496584e-01
1.697631390000e+34 4.164312534159e+11 1.344396140777e-01
1.699401600000e+34 4.164851310577e+11 1.507521544646e-01
1.701171810000e+34 4.165337483347e+11 1.670223526322e-01
1.702942020000e+34 4.165780585383e+11 1.832165041975e-01
1.704712230000e+34 4.166187847234e+11 1.992993827973e-01
1.706482440000e+34 4.166564886558e+11 2.152341998838e-01
1.708252650000e+34 4.166916157972e+11 2.309825669066e-01
1.710022860000e+34 4.167245256794e+11 2.465044561488e-01
1.711793070000e+34 4.167555130183e+11 2.617581590446e-01
1.713563280000e+34 4.167848227694e+11 2.767002468558e-01
1.715333490000e+34 4.168126611019e+11 2.912855284788e-01
1.717103700000e+34 4.168392035608e+11 3.054670083786e-01
1.718873910000e+34 4.168646012452e+11 3.191958436277e-01
1.720644120000e+34 4.168889855648e+11 3.324213006473e-01
1.722414330000e+34 4.169124719591e+11 3.450907108304e-01
1.724184540000e+34 4.169351628506e+11 3.571494254790e-01
1.725954750000e+34 4.169571500257e+11 3.685407706113e-01
1.727724960000e+34 4.169785165864e+11 3.792059998884e-01
1.729495170000e+34 4.169993385762e+11 3.890842479024e-01
1.731265380000e+34 4.170196863643e+11 3.981124831705e-01
1.733035590000e+34 4.170396258481e+11 4.062254578333e-01
1.734805800000e+34 4.170592195270e+11 4.133556600497e-01
1.736576010000e+34 4.170785274918e+11 4.194332628318e-01
1.738346220000e+34 4.170976083661e+11 4.243860737250e-01
1.740116430000e+34 4.171165202397e+11 4.281394829454e-01
1.741886640000e+34 4.171353216311e+11 4.306164115823e-01
1.743656850000e+34 4.171540725236e+11 4.317372574634e-01
1.745427060000e+34 4.171728355245e+11 4.314198419209e-01
1.747197270000e+34 4.171916772151e+11 4.295793547063e-01
1.748967480000e+34 4.172106697751e+11 4.261282989051e-01
1.750737690000e+34 4.172298930031e+11 4.209764334293e-01
1.752507900000e+34 4.172494369011e+11 4.140307169894e-01
1.754278110000e+34 4.172694050717e+11 4.051952494367e-01
1.756048320000e+34 4.172899193047e+11 3.943712125050e-01
1.757818530000e+34 4.173111259364e+11 3.814568110792e-01
1.759588740000e+34 4.173332049228e+11 3.663472105181e-01
1.761358950000e+34 4.173563831940e+11 3.489344781725e-01
1.763129160000e+34 4.173809550202e+11 3.291075176907e-01
1.764899370000e+34 4.174073143781e+11 3.067520078574e-01
1.766669580000e+34 4.174360090006e+11 2.817503379258e-01
1.768439790000e+34 4.174678363036e+11 2.539815417874e-01
1.770210000000e+34 4.175040273565e+11 2.233212328075e-01
